7

10.0 10.0 4 1.0
4.0 2.0 7
4.0 1.0 2
4.0 3.0 1
4.8 2.5 3

10.0 10.0 6 1.0
4.0 2.0 7
4.0 1.0 2
4.0 3.0 1
4.8 2.5 3
5.22 1.73 5
5.63 0.82 5

10.0 10.0 10 1.0
4.0 2.0 7
4.0 1.0 2
4.0 3.0 1
4.8 2.5 3
5.22 1.73 5
5.63 0.82 5
3.0 2.0 20
2.0 2.0 20
1.0 1.0 2
3.2 3.2 11

10.0 10.0 12 1.0
4.0 2.0 7
4.0 1.0 2
4.0 3.0 1
4.8 2.5 3
5.22 1.73 5
5.63 0.82 5
3.0 2.0 20
2.0 2.0 20
1.0 1.0 0
3.2 3.2 11
1.5 3.5 1000
1.5 4 1000

10.0 10.0 1 1.0
5.0 5.0 1000

10.0 10.0 4 0
4.0 2.0 7
4.0 1.0 2
4.0 3.0 1
4.8 2.5 3

10.0 10.0 6 2.5
5.0 5.5 1
5.0 2.0 1
5.0 4.0 1
3.5 5.5 1
6.5 5.5 1
5.0 7.0 1


