1003
888.83 838.53 3 0.00
273.70 408.81 32842
851.73 151.32 78252
773.71 110.27 7845

888.83 838.53 3 0.01
273.70 408.81 32842
851.73 151.32 78252
773.71 110.27 7845

888.83 838.53 3 0.02
273.70 408.81 32842
851.73 151.32 78252
773.71 110.27 7845

888.83 838.53 3 0.03
273.70 408.81 32842
851.73 151.32 78252
773.71 110.27 7845

888.83 838.53 3 0.04
273.70 408.81 32842
851.73 151.32 78252
773.71 110.27 7845

888.83 838.53 3 0.05
273.70 408.81 32842
851.73 151.32 78252
773.71 110.27 7845

888.83 838.53 3 0.06
273.70 408.81 32842
851.73 151.32 78252
773.71 110.27 7845

888.83 838.53 3 0.07
273.70 408.81 32842
851.73 151.32 78252
773.71 110.27 7845

888.83 838.53 3 0.08
273.70 408.81 32842
851.73 151.32 78252
773.71 110.27 7845

888.83 838.53 3 0.09
273.70 408.81 32842
851.73 151.32 78252
773.71 110.27 7845

888.83 838.53 3 0.10
273.70 408.81 32842
851.73 151.32 78252
773.71 110.27 7845

888.83 838.53 3 0.11
273.70 408.81 32842
851.73 151.32 78252
773.71 110.27 7845

888.83 838.53 3 0.12
273.70 408.81 32842
851.73 151.32 78252
773.71 110.27 7845

888.83 838.53 3 0.13
273.70 408.81 32842
851.73 151.32 78252
773.71 110.27 7845

888.83 838.53 3 0.14
273.70 408.81 32842
851.73 151.32 78252
773.71 110.27 7845

888.83 838.53 3 0.15
273.70 408.81 32842
851.73 151.32 78252
773.71 110.27 7845

888.83 838.53 3 0.16
273.70 408.81 32842
851.73 151.32 78252
773.71 110.27 7845

888.83 838.53 3 0.17
273.70 408.81 32842
851.73 151.32 78252
773.71 110.27 7845

888.83 838.53 3 0.18
273.70 408.81 32842
851.73 151.32 78252
773.71 110.27 7845

888.83 838.53 3 0.19
273.70 408.81 32842
851.73 151.32 78252
773.71 110.27 7845

888.83 838.53 3 0.20
273.70 408.81 32842
851.73 151.32 78252
773.71 110.27 7845

888.83 838.53 3 0.21
273.70 408.81 32842
851.73 151.32 78252
773.71 110.27 7845

888.83 838.53 3 0.22
273.70 408.81 32842
851.73 151.32 78252
773.71 110.27 7845

888.83 838.53 3 0.23
273.70 408.81 32842
851.73 151.32 78252
773.71 110.27 7845

888.83 838.53 3 0.24
273.70 408.81 32842
851.73 151.32 78252
773.71 110.27 7845

888.83 838.53 3 0.25
273.70 408.81 32842
851.73 151.32 78252
773.71 110.27 7845

888.83 838.53 3 0.26
273.70 408.81 32842
851.73 151.32 78252
773.71 110.27 7845

888.83 838.53 3 0.27
273.70 408.81 32842
851.73 151.32 78252
773.71 110.27 7845

888.83 838.53 3 0.28
273.70 408.81 32842
851.73 151.32 78252
773.71 110.27 7845

888.83 838.53 3 0.29
273.70 408.81 32842
851.73 151.32 78252
773.71 110.27 7845

888.83 838.53 3 0.30
273.70 408.81 32842
851.73 151.32 78252
773.71 110.27 7845

888.83 838.53 3 0.31
273.70 408.81 32842
851.73 151.32 78252
773.71 110.27 7845

888.83 838.53 3 0.32
273.70 408.81 32842
851.73 151.32 78252
773.71 110.27 7845

888.83 838.53 3 0.33
273.70 408.81 32842
851.73 151.32 78252
773.71 110.27 7845

888.83 838.53 3 0.34
273.70 408.81 32842
851.73 151.32 78252
773.71 110.27 7845

888.83 838.53 3 0.35
273.70 408.81 32842
851.73 151.32 78252
773.71 110.27 7845

888.83 838.53 3 0.36
273.70 408.81 32842
851.73 151.32 78252
773.71 110.27 7845

888.83 838.53 3 0.37
273.70 408.81 32842
851.73 151.32 78252
773.71 110.27 7845

888.83 838.53 3 0.38
273.70 408.81 32842
851.73 151.32 78252
773.71 110.27 7845

888.83 838.53 3 0.39
273.70 408.81 32842
851.73 151.32 78252
773.71 110.27 7845

888.83 838.53 3 0.40
273.70 408.81 32842
851.73 151.32 78252
773.71 110.27 7845

888.83 838.53 3 0.41
273.70 408.81 32842
851.73 151.32 78252
773.71 110.27 7845

888.83 838.53 3 0.42
273.70 408.81 32842
851.73 151.32 78252
773.71 110.27 7845

888.83 838.53 3 0.43
273.70 408.81 32842
851.73 151.32 78252
773.71 110.27 7845

888.83 838.53 3 0.44
273.70 408.81 32842
851.73 151.32 78252
773.71 110.27 7845

888.83 838.53 3 0.45
273.70 408.81 32842
851.73 151.32 78252
773.71 110.27 7845

888.83 838.53 3 0.46
273.70 408.81 32842
851.73 151.32 78252
773.71 110.27 7845

888.83 838.53 3 0.47
273.70 408.81 32842
851.73 151.32 78252
773.71 110.27 7845

888.83 838.53 3 0.48
273.70 408.81 32842
851.73 151.32 78252
773.71 110.27 7845

888.83 838.53 3 0.49
273.70 408.81 32842
851.73 151.32 78252
773.71 110.27 7845

888.83 838.53 3 0.50
273.70 408.81 32842
851.73 151.32 78252
773.71 110.27 7845

888.83 838.53 3 0.51
273.70 408.81 32842
851.73 151.32 78252
773.71 110.27 7845

888.83 838.53 3 0.52
273.70 408.81 32842
851.73 151.32 78252
773.71 110.27 7845

888.83 838.53 3 0.53
273.70 408.81 32842
851.73 151.32 78252
773.71 110.27 7845

888.83 838.53 3 0.54
273.70 408.81 32842
851.73 151.32 78252
773.71 110.27 7845

888.83 838.53 3 0.55
273.70 408.81 32842
851.73 151.32 78252
773.71 110.27 7845

888.83 838.53 3 0.56
273.70 408.81 32842
851.73 151.32 78252
773.71 110.27 7845

888.83 838.53 3 0.57
273.70 408.81 32842
851.73 151.32 78252
773.71 110.27 7845

888.83 838.53 3 0.58
273.70 408.81 32842
851.73 151.32 78252
773.71 110.27 7845

888.83 838.53 3 0.59
273.70 408.81 32842
851.73 151.32 78252
773.71 110.27 7845

888.83 838.53 3 0.60
273.70 408.81 32842
851.73 151.32 78252
773.71 110.27 7845

888.83 838.53 3 0.61
273.70 408.81 32842
851.73 151.32 78252
773.71 110.27 7845

888.83 838.53 3 0.62
273.70 408.81 32842
851.73 151.32 78252
773.71 110.27 7845

888.83 838.53 3 0.63
273.70 408.81 32842
851.73 151.32 78252
773.71 110.27 7845

888.83 838.53 3 0.64
273.70 408.81 32842
851.73 151.32 78252
773.71 110.27 7845

888.83 838.53 3 0.65
273.70 408.81 32842
851.73 151.32 78252
773.71 110.27 7845

888.83 838.53 3 0.66
273.70 408.81 32842
851.73 151.32 78252
773.71 110.27 7845

888.83 838.53 3 0.67
273.70 408.81 32842
851.73 151.32 78252
773.71 110.27 7845

888.83 838.53 3 0.68
273.70 408.81 32842
851.73 151.32 78252
773.71 110.27 7845

888.83 838.53 3 0.69
273.70 408.81 32842
851.73 151.32 78252
773.71 110.27 7845

888.83 838.53 3 0.70
273.70 408.81 32842
851.73 151.32 78252
773.71 110.27 7845

888.83 838.53 3 0.71
273.70 408.81 32842
851.73 151.32 78252
773.71 110.27 7845

888.83 838.53 3 0.72
273.70 408.81 32842
851.73 151.32 78252
773.71 110.27 7845

888.83 838.53 3 0.73
273.70 408.81 32842
851.73 151.32 78252
773.71 110.27 7845

888.83 838.53 3 0.74
273.70 408.81 32842
851.73 151.32 78252
773.71 110.27 7845

888.83 838.53 3 0.75
273.70 408.81 32842
851.73 151.32 78252
773.71 110.27 7845

888.83 838.53 3 0.76
273.70 408.81 32842
851.73 151.32 78252
773.71 110.27 7845

888.83 838.53 3 0.77
273.70 408.81 32842
851.73 151.32 78252
773.71 110.27 7845

888.83 838.53 3 0.78
273.70 408.81 32842
851.73 151.32 78252
773.71 110.27 7845

888.83 838.53 3 0.79
273.70 408.81 32842
851.73 151.32 78252
773.71 110.27 7845

888.83 838.53 3 0.80
273.70 408.81 32842
851.73 151.32 78252
773.71 110.27 7845

888.83 838.53 3 0.81
273.70 408.81 32842
851.73 151.32 78252
773.71 110.27 7845

888.83 838.53 3 0.82
273.70 408.81 32842
851.73 151.32 78252
773.71 110.27 7845

888.83 838.53 3 0.83
273.70 408.81 32842
851.73 151.32 78252
773.71 110.27 7845

888.83 838.53 3 0.84
273.70 408.81 32842
851.73 151.32 78252
773.71 110.27 7845

888.83 838.53 3 0.85
273.70 408.81 32842
851.73 151.32 78252
773.71 110.27 7845

888.83 838.53 3 0.86
273.70 408.81 32842
851.73 151.32 78252
773.71 110.27 7845

888.83 838.53 3 0.87
273.70 408.81 32842
851.73 151.32 78252
773.71 110.27 7845

888.83 838.53 3 0.88
273.70 408.81 32842
851.73 151.32 78252
773.71 110.27 7845

888.83 838.53 3 0.89
273.70 408.81 32842
851.73 151.32 78252
773.71 110.27 7845

888.83 838.53 3 0.90
273.70 408.81 32842
851.73 151.32 78252
773.71 110.27 7845

888.83 838.53 3 0.91
273.70 408.81 32842
851.73 151.32 78252
773.71 110.27 7845

888.83 838.53 3 0.92
273.70 408.81 32842
851.73 151.32 78252
773.71 110.27 7845

888.83 838.53 3 0.93
273.70 408.81 32842
851.73 151.32 78252
773.71 110.27 7845

888.83 838.53 3 0.94
273.70 408.81 32842
851.73 151.32 78252
773.71 110.27 7845

888.83 838.53 3 0.95
273.70 408.81 32842
851.73 151.32 78252
773.71 110.27 7845

888.83 838.53 3 0.96
273.70 408.81 32842
851.73 151.32 78252
773.71 110.27 7845

888.83 838.53 3 0.97
273.70 408.81 32842
851.73 151.32 78252
773.71 110.27 7845

888.83 838.53 3 0.98
273.70 408.81 32842
851.73 151.32 78252
773.71 110.27 7845

888.83 838.53 3 0.99
273.70 408.81 32842
851.73 151.32 78252
773.71 110.27 7845

888.83 838.53 3 1.00
273.70 408.81 32842
851.73 151.32 78252
773.71 110.27 7845

888.83 838.53 3 1.01
273.70 408.81 32842
851.73 151.32 78252
773.71 110.27 7845

888.83 838.53 3 1.12
273.70 408.81 32842
851.73 151.32 78252
773.71 110.27 7845

888.83 838.53 3 1.23
273.70 408.81 32842
851.73 151.32 78252
773.71 110.27 7845

888.83 838.53 3 1.34
273.70 408.81 32842
851.73 151.32 78252
773.71 110.27 7845

888.83 838.53 3 1.45
273.70 408.81 32842
851.73 151.32 78252
773.71 110.27 7845

888.83 838.53 3 1.56
273.70 408.81 32842
851.73 151.32 78252
773.71 110.27 7845

888.83 838.53 3 1.67
273.70 408.81 32842
851.73 151.32 78252
773.71 110.27 7845

888.83 838.53 3 1.78
273.70 408.81 32842
851.73 151.32 78252
773.71 110.27 7845

888.83 838.53 3 1.89
273.70 408.81 32842
851.73 151.32 78252
773.71 110.27 7845

888.83 838.53 3 2.00
273.70 408.81 32842
851.73 151.32 78252
773.71 110.27 7845

888.83 838.53 3 2.11
273.70 408.81 32842
851.73 151.32 78252
773.71 110.27 7845

888.83 838.53 3 2.22
273.70 408.81 32842
851.73 151.32 78252
773.71 110.27 7845

888.83 838.53 3 2.33
273.70 408.81 32842
851.73 151.32 78252
773.71 110.27 7845

888.83 838.53 3 2.44
273.70 408.81 32842
851.73 151.32 78252
773.71 110.27 7845

888.83 838.53 3 2.55
273.70 408.81 32842
851.73 151.32 78252
773.71 110.27 7845

888.83 838.53 3 2.66
273.70 408.81 32842
851.73 151.32 78252
773.71 110.27 7845

888.83 838.53 3 2.77
273.70 408.81 32842
851.73 151.32 78252
773.71 110.27 7845

888.83 838.53 3 2.88
273.70 408.81 32842
851.73 151.32 78252
773.71 110.27 7845

888.83 838.53 3 2.99
273.70 408.81 32842
851.73 151.32 78252
773.71 110.27 7845

888.83 838.53 3 3.10
273.70 408.81 32842
851.73 151.32 78252
773.71 110.27 7845

888.83 838.53 3 3.21
273.70 408.81 32842
851.73 151.32 78252
773.71 110.27 7845

888.83 838.53 3 3.32
273.70 408.81 32842
851.73 151.32 78252
773.71 110.27 7845

888.83 838.53 3 3.43
273.70 408.81 32842
851.73 151.32 78252
773.71 110.27 7845

888.83 838.53 3 3.54
273.70 408.81 32842
851.73 151.32 78252
773.71 110.27 7845

888.83 838.53 3 3.65
273.70 408.81 32842
851.73 151.32 78252
773.71 110.27 7845

888.83 838.53 3 3.76
273.70 408.81 32842
851.73 151.32 78252
773.71 110.27 7845

888.83 838.53 3 3.87
273.70 408.81 32842
851.73 151.32 78252
773.71 110.27 7845

888.83 838.53 3 3.98
273.70 408.81 32842
851.73 151.32 78252
773.71 110.27 7845

888.83 838.53 3 4.09
273.70 408.81 32842
851.73 151.32 78252
773.71 110.27 7845

888.83 838.53 3 4.20
273.70 408.81 32842
851.73 151.32 78252
773.71 110.27 7845

888.83 838.53 3 4.31
273.70 408.81 32842
851.73 151.32 78252
773.71 110.27 7845

888.83 838.53 3 4.42
273.70 408.81 32842
851.73 151.32 78252
773.71 110.27 7845

888.83 838.53 3 4.53
273.70 408.81 32842
851.73 151.32 78252
773.71 110.27 7845

888.83 838.53 3 4.64
273.70 408.81 32842
851.73 151.32 78252
773.71 110.27 7845

888.83 838.53 3 4.75
273.70 408.81 32842
851.73 151.32 78252
773.71 110.27 7845

888.83 838.53 3 4.86
273.70 408.81 32842
851.73 151.32 78252
773.71 110.27 7845

888.83 838.53 3 4.97
273.70 408.81 32842
851.73 151.32 78252
773.71 110.27 7845

888.83 838.53 3 5.08
273.70 408.81 32842
851.73 151.32 78252
773.71 110.27 7845

888.83 838.53 3 5.19
273.70 408.81 32842
851.73 151.32 78252
773.71 110.27 7845

888.83 838.53 3 5.30
273.70 408.81 32842
851.73 151.32 78252
773.71 110.27 7845

888.83 838.53 3 5.41
273.70 408.81 32842
851.73 151.32 78252
773.71 110.27 7845

888.83 838.53 3 5.52
273.70 408.81 32842
851.73 151.32 78252
773.71 110.27 7845

888.83 838.53 3 5.63
273.70 408.81 32842
851.73 151.32 78252
773.71 110.27 7845

888.83 838.53 3 5.74
273.70 408.81 32842
851.73 151.32 78252
773.71 110.27 7845

888.83 838.53 3 5.85
273.70 408.81 32842
851.73 151.32 78252
773.71 110.27 7845

888.83 838.53 3 5.96
273.70 408.81 32842
851.73 151.32 78252
773.71 110.27 7845

888.83 838.53 3 6.07
273.70 408.81 32842
851.73 151.32 78252
773.71 110.27 7845

888.83 838.53 3 6.18
273.70 408.81 32842
851.73 151.32 78252
773.71 110.27 7845

888.83 838.53 3 6.29
273.70 408.81 32842
851.73 151.32 78252
773.71 110.27 7845

888.83 838.53 3 6.40
273.70 408.81 32842
851.73 151.32 78252
773.71 110.27 7845

888.83 838.53 3 6.51
273.70 408.81 32842
851.73 151.32 78252
773.71 110.27 7845

888.83 838.53 3 6.62
273.70 408.81 32842
851.73 151.32 78252
773.71 110.27 7845

888.83 838.53 3 6.73
273.70 408.81 32842
851.73 151.32 78252
773.71 110.27 7845

888.83 838.53 3 6.84
273.70 408.81 32842
851.73 151.32 78252
773.71 110.27 7845

888.83 838.53 3 6.95
273.70 408.81 32842
851.73 151.32 78252
773.71 110.27 7845

888.83 838.53 3 7.06
273.70 408.81 32842
851.73 151.32 78252
773.71 110.27 7845

888.83 838.53 3 7.17
273.70 408.81 32842
851.73 151.32 78252
773.71 110.27 7845

888.83 838.53 3 7.28
273.70 408.81 32842
851.73 151.32 78252
773.71 110.27 7845

888.83 838.53 3 7.39
273.70 408.81 32842
851.73 151.32 78252
773.71 110.27 7845

888.83 838.53 3 7.50
273.70 408.81 32842
851.73 151.32 78252
773.71 110.27 7845

888.83 838.53 3 7.61
273.70 408.81 32842
851.73 151.32 78252
773.71 110.27 7845

888.83 838.53 3 7.72
273.70 408.81 32842
851.73 151.32 78252
773.71 110.27 7845

888.83 838.53 3 7.83
273.70 408.81 32842
851.73 151.32 78252
773.71 110.27 7845

888.83 838.53 3 7.94
273.70 408.81 32842
851.73 151.32 78252
773.71 110.27 7845

888.83 838.53 3 8.05
273.70 408.81 32842
851.73 151.32 78252
773.71 110.27 7845

888.83 838.53 3 8.16
273.70 408.81 32842
851.73 151.32 78252
773.71 110.27 7845

888.83 838.53 3 8.27
273.70 408.81 32842
851.73 151.32 78252
773.71 110.27 7845

888.83 838.53 3 8.38
273.70 408.81 32842
851.73 151.32 78252
773.71 110.27 7845

888.83 838.53 3 8.49
273.70 408.81 32842
851.73 151.32 78252
773.71 110.27 7845

888.83 838.53 3 8.60
273.70 408.81 32842
851.73 151.32 78252
773.71 110.27 7845

888.83 838.53 3 8.71
273.70 408.81 32842
851.73 151.32 78252
773.71 110.27 7845

888.83 838.53 3 8.82
273.70 408.81 32842
851.73 151.32 78252
773.71 110.27 7845

888.83 838.53 3 8.93
273.70 408.81 32842
851.73 151.32 78252
773.71 110.27 7845

888.83 838.53 3 9.04
273.70 408.81 32842
851.73 151.32 78252
773.71 110.27 7845

888.83 838.53 3 9.15
273.70 408.81 32842
851.73 151.32 78252
773.71 110.27 7845

888.83 838.53 3 9.26
273.70 408.81 32842
851.73 151.32 78252
773.71 110.27 7845

888.83 838.53 3 9.37
273.70 408.81 32842
851.73 151.32 78252
773.71 110.27 7845

888.83 838.53 3 9.48
273.70 408.81 32842
851.73 151.32 78252
773.71 110.27 7845

888.83 838.53 3 9.59
273.70 408.81 32842
851.73 151.32 78252
773.71 110.27 7845

888.83 838.53 3 9.70
273.70 408.81 32842
851.73 151.32 78252
773.71 110.27 7845

888.83 838.53 3 9.81
273.70 408.81 32842
851.73 151.32 78252
773.71 110.27 7845

888.83 838.53 3 9.92
273.70 408.81 32842
851.73 151.32 78252
773.71 110.27 7845

888.83 838.53 3 10.03
273.70 408.81 32842
851.73 151.32 78252
773.71 110.27 7845

888.83 838.53 3 10.14
273.70 408.81 32842
851.73 151.32 78252
773.71 110.27 7845

888.83 838.53 3 10.25
273.70 408.81 32842
851.73 151.32 78252
773.71 110.27 7845

888.83 838.53 3 10.36
273.70 408.81 32842
851.73 151.32 78252
773.71 110.27 7845

888.83 838.53 3 10.47
273.70 408.81 32842
851.73 151.32 78252
773.71 110.27 7845

888.83 838.53 3 10.58
273.70 408.81 32842
851.73 151.32 78252
773.71 110.27 7845

888.83 838.53 3 10.69
273.70 408.81 32842
851.73 151.32 78252
773.71 110.27 7845

888.83 838.53 3 10.80
273.70 408.81 32842
851.73 151.32 78252
773.71 110.27 7845

888.83 838.53 3 10.91
273.70 408.81 32842
851.73 151.32 78252
773.71 110.27 7845

888.83 838.53 3 11.02
273.70 408.81 32842
851.73 151.32 78252
773.71 110.27 7845

888.83 838.53 3 11.13
273.70 408.81 32842
851.73 151.32 78252
773.71 110.27 7845

888.83 838.53 3 11.24
273.70 408.81 32842
851.73 151.32 78252
773.71 110.27 7845

888.83 838.53 3 11.35
273.70 408.81 32842
851.73 151.32 78252
773.71 110.27 7845

888.83 838.53 3 11.46
273.70 408.81 32842
851.73 151.32 78252
773.71 110.27 7845

888.83 838.53 3 11.57
273.70 408.81 32842
851.73 151.32 78252
773.71 110.27 7845

888.83 838.53 3 11.68
273.70 408.81 32842
851.73 151.32 78252
773.71 110.27 7845

888.83 838.53 3 11.79
273.70 408.81 32842
851.73 151.32 78252
773.71 110.27 7845

888.83 838.53 3 11.90
273.70 408.81 32842
851.73 151.32 78252
773.71 110.27 7845

888.83 838.53 3 12.01
273.70 408.81 32842
851.73 151.32 78252
773.71 110.27 7845

888.83 838.53 3 12.12
273.70 408.81 32842
851.73 151.32 78252
773.71 110.27 7845

888.83 838.53 3 13.35
273.70 408.81 32842
851.73 151.32 78252
773.71 110.27 7845

888.83 838.53 3 14.58
273.70 408.81 32842
851.73 151.32 78252
773.71 110.27 7845

888.83 838.53 3 15.81
273.70 408.81 32842
851.73 151.32 78252
773.71 110.27 7845

888.83 838.53 3 17.04
273.70 408.81 32842
851.73 151.32 78252
773.71 110.27 7845

888.83 838.53 3 18.27
273.70 408.81 32842
851.73 151.32 78252
773.71 110.27 7845

888.83 838.53 3 19.50
273.70 408.81 32842
851.73 151.32 78252
773.71 110.27 7845

888.83 838.53 3 20.73
273.70 408.81 32842
851.73 151.32 78252
773.71 110.27 7845

888.83 838.53 3 21.96
273.70 408.81 32842
851.73 151.32 78252
773.71 110.27 7845

888.83 838.53 3 23.19
273.70 408.81 32842
851.73 151.32 78252
773.71 110.27 7845

888.83 838.53 3 24.42
273.70 408.81 32842
851.73 151.32 78252
773.71 110.27 7845

888.83 838.53 3 25.65
273.70 408.81 32842
851.73 151.32 78252
773.71 110.27 7845

888.83 838.53 3 26.88
273.70 408.81 32842
851.73 151.32 78252
773.71 110.27 7845

888.83 838.53 3 28.11
273.70 408.81 32842
851.73 151.32 78252
773.71 110.27 7845

888.83 838.53 3 29.34
273.70 408.81 32842
851.73 151.32 78252
773.71 110.27 7845

888.83 838.53 3 30.57
273.70 408.81 32842
851.73 151.32 78252
773.71 110.27 7845

888.83 838.53 3 31.80
273.70 408.81 32842
851.73 151.32 78252
773.71 110.27 7845

888.83 838.53 3 33.03
273.70 408.81 32842
851.73 151.32 78252
773.71 110.27 7845

888.83 838.53 3 34.26
273.70 408.81 32842
851.73 151.32 78252
773.71 110.27 7845

888.83 838.53 3 35.49
273.70 408.81 32842
851.73 151.32 78252
773.71 110.27 7845

888.83 838.53 3 36.72
273.70 408.81 32842
851.73 151.32 78252
773.71 110.27 7845

888.83 838.53 3 37.95
273.70 408.81 32842
851.73 151.32 78252
773.71 110.27 7845

888.83 838.53 3 39.18
273.70 408.81 32842
851.73 151.32 78252
773.71 110.27 7845

888.83 838.53 3 40.41
273.70 408.81 32842
851.73 151.32 78252
773.71 110.27 7845

888.83 838.53 3 41.64
273.70 408.81 32842
851.73 151.32 78252
773.71 110.27 7845

888.83 838.53 3 42.87
273.70 408.81 32842
851.73 151.32 78252
773.71 110.27 7845

888.83 838.53 3 44.10
273.70 408.81 32842
851.73 151.32 78252
773.71 110.27 7845

888.83 838.53 3 45.33
273.70 408.81 32842
851.73 151.32 78252
773.71 110.27 7845

888.83 838.53 3 46.56
273.70 408.81 32842
851.73 151.32 78252
773.71 110.27 7845

888.83 838.53 3 47.79
273.70 408.81 32842
851.73 151.32 78252
773.71 110.27 7845

888.83 838.53 3 49.02
273.70 408.81 32842
851.73 151.32 78252
773.71 110.27 7845

888.83 838.53 3 50.25
273.70 408.81 32842
851.73 151.32 78252
773.71 110.27 7845

888.83 838.53 3 51.48
273.70 408.81 32842
851.73 151.32 78252
773.71 110.27 7845

888.83 838.53 3 52.71
273.70 408.81 32842
851.73 151.32 78252
773.71 110.27 7845

888.83 838.53 3 53.94
273.70 408.81 32842
851.73 151.32 78252
773.71 110.27 7845

888.83 838.53 3 55.17
273.70 408.81 32842
851.73 151.32 78252
773.71 110.27 7845

888.83 838.53 3 56.40
273.70 408.81 32842
851.73 151.32 78252
773.71 110.27 7845

888.83 838.53 3 57.63
273.70 408.81 32842
851.73 151.32 78252
773.71 110.27 7845

888.83 838.53 3 58.86
273.70 408.81 32842
851.73 151.32 78252
773.71 110.27 7845

888.83 838.53 3 60.09
273.70 408.81 32842
851.73 151.32 78252
773.71 110.27 7845

888.83 838.53 3 61.32
273.70 408.81 32842
851.73 151.32 78252
773.71 110.27 7845

888.83 838.53 3 62.55
273.70 408.81 32842
851.73 151.32 78252
773.71 110.27 7845

888.83 838.53 3 63.78
273.70 408.81 32842
851.73 151.32 78252
773.71 110.27 7845

888.83 838.53 3 65.01
273.70 408.81 32842
851.73 151.32 78252
773.71 110.27 7845

888.83 838.53 3 66.24
273.70 408.81 32842
851.73 151.32 78252
773.71 110.27 7845

888.83 838.53 3 67.47
273.70 408.81 32842
851.73 151.32 78252
773.71 110.27 7845

888.83 838.53 3 68.70
273.70 408.81 32842
851.73 151.32 78252
773.71 110.27 7845

888.83 838.53 3 69.93
273.70 408.81 32842
851.73 151.32 78252
773.71 110.27 7845

888.83 838.53 3 71.16
273.70 408.81 32842
851.73 151.32 78252
773.71 110.27 7845

888.83 838.53 3 72.39
273.70 408.81 32842
851.73 151.32 78252
773.71 110.27 7845

888.83 838.53 3 73.62
273.70 408.81 32842
851.73 151.32 78252
773.71 110.27 7845

888.83 838.53 3 74.85
273.70 408.81 32842
851.73 151.32 78252
773.71 110.27 7845

888.83 838.53 3 76.08
273.70 408.81 32842
851.73 151.32 78252
773.71 110.27 7845

888.83 838.53 3 77.31
273.70 408.81 32842
851.73 151.32 78252
773.71 110.27 7845

888.83 838.53 3 78.54
273.70 408.81 32842
851.73 151.32 78252
773.71 110.27 7845

888.83 838.53 3 79.77
273.70 408.81 32842
851.73 151.32 78252
773.71 110.27 7845

888.83 838.53 3 81.00
273.70 408.81 32842
851.73 151.32 78252
773.71 110.27 7845

888.83 838.53 3 82.23
273.70 408.81 32842
851.73 151.32 78252
773.71 110.27 7845

888.83 838.53 3 83.46
273.70 408.81 32842
851.73 151.32 78252
773.71 110.27 7845

888.83 838.53 3 84.69
273.70 408.81 32842
851.73 151.32 78252
773.71 110.27 7845

888.83 838.53 3 85.92
273.70 408.81 32842
851.73 151.32 78252
773.71 110.27 7845

888.83 838.53 3 87.15
273.70 408.81 32842
851.73 151.32 78252
773.71 110.27 7845

888.83 838.53 3 88.38
273.70 408.81 32842
851.73 151.32 78252
773.71 110.27 7845

888.83 838.53 3 89.61
273.70 408.81 32842
851.73 151.32 78252
773.71 110.27 7845

888.83 838.53 3 90.84
273.70 408.81 32842
851.73 151.32 78252
773.71 110.27 7845

888.83 838.53 3 92.07
273.70 408.81 32842
851.73 151.32 78252
773.71 110.27 7845

888.83 838.53 3 93.30
273.70 408.81 32842
851.73 151.32 78252
773.71 110.27 7845

888.83 838.53 3 94.53
273.70 408.81 32842
851.73 151.32 78252
773.71 110.27 7845

888.83 838.53 3 95.76
273.70 408.81 32842
851.73 151.32 78252
773.71 110.27 7845

888.83 838.53 3 96.99
273.70 408.81 32842
851.73 151.32 78252
773.71 110.27 7845

888.83 838.53 3 98.22
273.70 408.81 32842
851.73 151.32 78252
773.71 110.27 7845

888.83 838.53 3 99.45
273.70 408.81 32842
851.73 151.32 78252
773.71 110.27 7845

888.83 838.53 3 100.68
273.70 408.81 32842
851.73 151.32 78252
773.71 110.27 7845

888.83 838.53 3 101.91
273.70 408.81 32842
851.73 151.32 78252
773.71 110.27 7845

888.83 838.53 3 103.14
273.70 408.81 32842
851.73 151.32 78252
773.71 110.27 7845

888.83 838.53 3 104.37
273.70 408.81 32842
851.73 151.32 78252
773.71 110.27 7845

888.83 838.53 3 105.60
273.70 408.81 32842
851.73 151.32 78252
773.71 110.27 7845

888.83 838.53 3 106.83
273.70 408.81 32842
851.73 151.32 78252
773.71 110.27 7845

888.83 838.53 3 108.06
273.70 408.81 32842
851.73 151.32 78252
773.71 110.27 7845

888.83 838.53 3 109.29
273.70 408.81 32842
851.73 151.32 78252
773.71 110.27 7845

888.83 838.53 3 110.52
273.70 408.81 32842
851.73 151.32 78252
773.71 110.27 7845

888.83 838.53 3 111.75
273.70 408.81 32842
851.73 151.32 78252
773.71 110.27 7845

888.83 838.53 3 112.98
273.70 408.81 32842
851.73 151.32 78252
773.71 110.27 7845

888.83 838.53 3 114.21
273.70 408.81 32842
851.73 151.32 78252
773.71 110.27 7845

888.83 838.53 3 115.44
273.70 408.81 32842
851.73 151.32 78252
773.71 110.27 7845

888.83 838.53 3 116.67
273.70 408.81 32842
851.73 151.32 78252
773.71 110.27 7845

888.83 838.53 3 117.90
273.70 408.81 32842
851.73 151.32 78252
773.71 110.27 7845

888.83 838.53 3 119.13
273.70 408.81 32842
851.73 151.32 78252
773.71 110.27 7845

888.83 838.53 3 120.36
273.70 408.81 32842
851.73 151.32 78252
773.71 110.27 7845

888.83 838.53 3 121.59
273.70 408.81 32842
851.73 151.32 78252
773.71 110.27 7845

888.83 838.53 3 122.82
273.70 408.81 32842
851.73 151.32 78252
773.71 110.27 7845

888.83 838.53 3 124.05
273.70 408.81 32842
851.73 151.32 78252
773.71 110.27 7845

888.83 838.53 3 125.28
273.70 408.81 32842
851.73 151.32 78252
773.71 110.27 7845

888.83 838.53 3 126.51
273.70 408.81 32842
851.73 151.32 78252
773.71 110.27 7845

888.83 838.53 3 127.74
273.70 408.81 32842
851.73 151.32 78252
773.71 110.27 7845

888.83 838.53 3 128.97
273.70 408.81 32842
851.73 151.32 78252
773.71 110.27 7845

888.83 838.53 3 130.20
273.70 408.81 32842
851.73 151.32 78252
773.71 110.27 7845

888.83 838.53 3 131.43
273.70 408.81 32842
851.73 151.32 78252
773.71 110.27 7845

888.83 838.53 3 132.66
273.70 408.81 32842
851.73 151.32 78252
773.71 110.27 7845

888.83 838.53 3 133.89
273.70 408.81 32842
851.73 151.32 78252
773.71 110.27 7845

888.83 838.53 3 135.12
273.70 408.81 32842
851.73 151.32 78252
773.71 110.27 7845

888.83 838.53 3 137.13
273.70 408.81 32842
851.73 151.32 78252
773.71 110.27 7845

888.83 838.53 3 139.14
273.70 408.81 32842
851.73 151.32 78252
773.71 110.27 7845

888.83 838.53 3 141.15
273.70 408.81 32842
851.73 151.32 78252
773.71 110.27 7845

888.83 838.53 3 143.16
273.70 408.81 32842
851.73 151.32 78252
773.71 110.27 7845

888.83 838.53 3 145.17
273.70 408.81 32842
851.73 151.32 78252
773.71 110.27 7845

888.83 838.53 3 147.18
273.70 408.81 32842
851.73 151.32 78252
773.71 110.27 7845

888.83 838.53 3 149.19
273.70 408.81 32842
851.73 151.32 78252
773.71 110.27 7845

888.83 838.53 3 151.20
273.70 408.81 32842
851.73 151.32 78252
773.71 110.27 7845

888.83 838.53 3 153.21
273.70 408.81 32842
851.73 151.32 78252
773.71 110.27 7845

888.83 838.53 3 155.22
273.70 408.81 32842
851.73 151.32 78252
773.71 110.27 7845

888.83 838.53 3 157.23
273.70 408.81 32842
851.73 151.32 78252
773.71 110.27 7845

888.83 838.53 3 159.24
273.70 408.81 32842
851.73 151.32 78252
773.71 110.27 7845

888.83 838.53 3 161.25
273.70 408.81 32842
851.73 151.32 78252
773.71 110.27 7845

888.83 838.53 3 163.26
273.70 408.81 32842
851.73 151.32 78252
773.71 110.27 7845

888.83 838.53 3 165.27
273.70 408.81 32842
851.73 151.32 78252
773.71 110.27 7845

888.83 838.53 3 167.28
273.70 408.81 32842
851.73 151.32 78252
773.71 110.27 7845

888.83 838.53 3 169.29
273.70 408.81 32842
851.73 151.32 78252
773.71 110.27 7845

888.83 838.53 3 171.30
273.70 408.81 32842
851.73 151.32 78252
773.71 110.27 7845

888.83 838.53 3 173.31
273.70 408.81 32842
851.73 151.32 78252
773.71 110.27 7845

888.83 838.53 3 175.32
273.70 408.81 32842
851.73 151.32 78252
773.71 110.27 7845

888.83 838.53 3 177.33
273.70 408.81 32842
851.73 151.32 78252
773.71 110.27 7845

888.83 838.53 3 179.34
273.70 408.81 32842
851.73 151.32 78252
773.71 110.27 7845

888.83 838.53 3 181.35
273.70 408.81 32842
851.73 151.32 78252
773.71 110.27 7845

888.83 838.53 3 183.36
273.70 408.81 32842
851.73 151.32 78252
773.71 110.27 7845

888.83 838.53 3 185.37
273.70 408.81 32842
851.73 151.32 78252
773.71 110.27 7845

888.83 838.53 3 187.38
273.70 408.81 32842
851.73 151.32 78252
773.71 110.27 7845

888.83 838.53 3 189.39
273.70 408.81 32842
851.73 151.32 78252
773.71 110.27 7845

888.83 838.53 3 191.40
273.70 408.81 32842
851.73 151.32 78252
773.71 110.27 7845

888.83 838.53 3 193.41
273.70 408.81 32842
851.73 151.32 78252
773.71 110.27 7845

888.83 838.53 3 195.42
273.70 408.81 32842
851.73 151.32 78252
773.71 110.27 7845

888.83 838.53 3 197.43
273.70 408.81 32842
851.73 151.32 78252
773.71 110.27 7845

888.83 838.53 3 199.44
273.70 408.81 32842
851.73 151.32 78252
773.71 110.27 7845

888.83 838.53 3 201.45
273.70 408.81 32842
851.73 151.32 78252
773.71 110.27 7845

888.83 838.53 3 203.46
273.70 408.81 32842
851.73 151.32 78252
773.71 110.27 7845

888.83 838.53 3 205.47
273.70 408.81 32842
851.73 151.32 78252
773.71 110.27 7845

888.83 838.53 3 207.48
273.70 408.81 32842
851.73 151.32 78252
773.71 110.27 7845

888.83 838.53 3 209.49
273.70 408.81 32842
851.73 151.32 78252
773.71 110.27 7845

888.83 838.53 3 211.50
273.70 408.81 32842
851.73 151.32 78252
773.71 110.27 7845

888.83 838.53 3 213.51
273.70 408.81 32842
851.73 151.32 78252
773.71 110.27 7845

888.83 838.53 3 215.52
273.70 408.81 32842
851.73 151.32 78252
773.71 110.27 7845

888.83 838.53 3 217.53
273.70 408.81 32842
851.73 151.32 78252
773.71 110.27 7845

888.83 838.53 3 219.54
273.70 408.81 32842
851.73 151.32 78252
773.71 110.27 7845

888.83 838.53 3 221.55
273.70 408.81 32842
851.73 151.32 78252
773.71 110.27 7845

888.83 838.53 3 223.56
273.70 408.81 32842
851.73 151.32 78252
773.71 110.27 7845

888.83 838.53 3 225.57
273.70 408.81 32842
851.73 151.32 78252
773.71 110.27 7845

888.83 838.53 3 227.58
273.70 408.81 32842
851.73 151.32 78252
773.71 110.27 7845

888.83 838.53 3 229.59
273.70 408.81 32842
851.73 151.32 78252
773.71 110.27 7845

888.83 838.53 3 231.60
273.70 408.81 32842
851.73 151.32 78252
773.71 110.27 7845

888.83 838.53 3 233.61
273.70 408.81 32842
851.73 151.32 78252
773.71 110.27 7845

888.83 838.53 3 235.62
273.70 408.81 32842
851.73 151.32 78252
773.71 110.27 7845

888.83 838.53 3 237.63
273.70 408.81 32842
851.73 151.32 78252
773.71 110.27 7845

888.83 838.53 3 239.64
273.70 408.81 32842
851.73 151.32 78252
773.71 110.27 7845

888.83 838.53 3 241.65
273.70 408.81 32842
851.73 151.32 78252
773.71 110.27 7845

888.83 838.53 3 243.66
273.70 408.81 32842
851.73 151.32 78252
773.71 110.27 7845

888.83 838.53 3 245.67
273.70 408.81 32842
851.73 151.32 78252
773.71 110.27 7845

888.83 838.53 3 247.68
273.70 408.81 32842
851.73 151.32 78252
773.71 110.27 7845

888.83 838.53 3 249.69
273.70 408.81 32842
851.73 151.32 78252
773.71 110.27 7845

888.83 838.53 3 251.70
273.70 408.81 32842
851.73 151.32 78252
773.71 110.27 7845

888.83 838.53 3 253.71
273.70 408.81 32842
851.73 151.32 78252
773.71 110.27 7845

888.83 838.53 3 255.72
273.70 408.81 32842
851.73 151.32 78252
773.71 110.27 7845

888.83 838.53 3 257.73
273.70 408.81 32842
851.73 151.32 78252
773.71 110.27 7845

888.83 838.53 3 259.74
273.70 408.81 32842
851.73 151.32 78252
773.71 110.27 7845

888.83 838.53 3 261.75
273.70 408.81 32842
851.73 151.32 78252
773.71 110.27 7845

888.83 838.53 3 263.76
273.70 408.81 32842
851.73 151.32 78252
773.71 110.27 7845

888.83 838.53 3 265.77
273.70 408.81 32842
851.73 151.32 78252
773.71 110.27 7845

888.83 838.53 3 267.78
273.70 408.81 32842
851.73 151.32 78252
773.71 110.27 7845

888.83 838.53 3 269.79
273.70 408.81 32842
851.73 151.32 78252
773.71 110.27 7845

888.83 838.53 3 271.80
273.70 408.81 32842
851.73 151.32 78252
773.71 110.27 7845

888.83 838.53 3 273.81
273.70 408.81 32842
851.73 151.32 78252
773.71 110.27 7845

888.83 838.53 3 275.82
273.70 408.81 32842
851.73 151.32 78252
773.71 110.27 7845

888.83 838.53 3 277.83
273.70 408.81 32842
851.73 151.32 78252
773.71 110.27 7845

888.83 838.53 3 279.84
273.70 408.81 32842
851.73 151.32 78252
773.71 110.27 7845

888.83 838.53 3 281.85
273.70 408.81 32842
851.73 151.32 78252
773.71 110.27 7845

888.83 838.53 3 283.86
273.70 408.81 32842
851.73 151.32 78252
773.71 110.27 7845

888.83 838.53 3 285.87
273.70 408.81 32842
851.73 151.32 78252
773.71 110.27 7845

888.83 838.53 3 287.88
273.70 408.81 32842
851.73 151.32 78252
773.71 110.27 7845

888.83 838.53 3 289.89
273.70 408.81 32842
851.73 151.32 78252
773.71 110.27 7845

888.83 838.53 3 291.90
273.70 408.81 32842
851.73 151.32 78252
773.71 110.27 7845

888.83 838.53 3 293.91
273.70 408.81 32842
851.73 151.32 78252
773.71 110.27 7845

888.83 838.53 3 295.92
273.70 408.81 32842
851.73 151.32 78252
773.71 110.27 7845

888.83 838.53 3 297.93
273.70 408.81 32842
851.73 151.32 78252
773.71 110.27 7845

888.83 838.53 3 299.94
273.70 408.81 32842
851.73 151.32 78252
773.71 110.27 7845

888.83 838.53 3 301.95
273.70 408.81 32842
851.73 151.32 78252
773.71 110.27 7845

888.83 838.53 3 303.96
273.70 408.81 32842
851.73 151.32 78252
773.71 110.27 7845

888.83 838.53 3 305.97
273.70 408.81 32842
851.73 151.32 78252
773.71 110.27 7845

888.83 838.53 3 307.98
273.70 408.81 32842
851.73 151.32 78252
773.71 110.27 7845

888.83 838.53 3 309.99
273.70 408.81 32842
851.73 151.32 78252
773.71 110.27 7845

888.83 838.53 3 312.00
273.70 408.81 32842
851.73 151.32 78252
773.71 110.27 7845

888.83 838.53 3 314.01
273.70 408.81 32842
851.73 151.32 78252
773.71 110.27 7845

888.83 838.53 3 316.02
273.70 408.81 32842
851.73 151.32 78252
773.71 110.27 7845

888.83 838.53 3 318.03
273.70 408.81 32842
851.73 151.32 78252
773.71 110.27 7845

888.83 838.53 3 320.04
273.70 408.81 32842
851.73 151.32 78252
773.71 110.27 7845

888.83 838.53 3 322.05
273.70 408.81 32842
851.73 151.32 78252
773.71 110.27 7845

888.83 838.53 3 324.06
273.70 408.81 32842
851.73 151.32 78252
773.71 110.27 7845

888.83 838.53 3 326.07
273.70 408.81 32842
851.73 151.32 78252
773.71 110.27 7845

888.83 838.53 3 328.08
273.70 408.81 32842
851.73 151.32 78252
773.71 110.27 7845

888.83 838.53 3 330.09
273.70 408.81 32842
851.73 151.32 78252
773.71 110.27 7845

888.83 838.53 3 332.10
273.70 408.81 32842
851.73 151.32 78252
773.71 110.27 7845

888.83 838.53 3 334.11
273.70 408.81 32842
851.73 151.32 78252
773.71 110.27 7845

888.83 838.53 3 336.12
273.70 408.81 32842
851.73 151.32 78252
773.71 110.27 7845

888.83 838.53 3 337.83
273.70 408.81 32842
851.73 151.32 78252
773.71 110.27 7845

888.83 838.53 3 339.54
273.70 408.81 32842
851.73 151.32 78252
773.71 110.27 7845

888.83 838.53 3 341.25
273.70 408.81 32842
851.73 151.32 78252
773.71 110.27 7845

888.83 838.53 3 342.96
273.70 408.81 32842
851.73 151.32 78252
773.71 110.27 7845

888.83 838.53 3 344.67
273.70 408.81 32842
851.73 151.32 78252
773.71 110.27 7845

888.83 838.53 3 346.38
273.70 408.81 32842
851.73 151.32 78252
773.71 110.27 7845

888.83 838.53 3 348.09
273.70 408.81 32842
851.73 151.32 78252
773.71 110.27 7845

888.83 838.53 3 349.80
273.70 408.81 32842
851.73 151.32 78252
773.71 110.27 7845

888.83 838.53 3 351.51
273.70 408.81 32842
851.73 151.32 78252
773.71 110.27 7845

888.83 838.53 3 353.22
273.70 408.81 32842
851.73 151.32 78252
773.71 110.27 7845

888.83 838.53 3 354.93
273.70 408.81 32842
851.73 151.32 78252
773.71 110.27 7845

888.83 838.53 3 356.64
273.70 408.81 32842
851.73 151.32 78252
773.71 110.27 7845

888.83 838.53 3 358.35
273.70 408.81 32842
851.73 151.32 78252
773.71 110.27 7845

888.83 838.53 3 360.06
273.70 408.81 32842
851.73 151.32 78252
773.71 110.27 7845

888.83 838.53 3 361.77
273.70 408.81 32842
851.73 151.32 78252
773.71 110.27 7845

888.83 838.53 3 363.48
273.70 408.81 32842
851.73 151.32 78252
773.71 110.27 7845

888.83 838.53 3 365.19
273.70 408.81 32842
851.73 151.32 78252
773.71 110.27 7845

888.83 838.53 3 366.90
273.70 408.81 32842
851.73 151.32 78252
773.71 110.27 7845

888.83 838.53 3 368.61
273.70 408.81 32842
851.73 151.32 78252
773.71 110.27 7845

888.83 838.53 3 370.32
273.70 408.81 32842
851.73 151.32 78252
773.71 110.27 7845

888.83 838.53 3 372.03
273.70 408.81 32842
851.73 151.32 78252
773.71 110.27 7845

888.83 838.53 3 373.74
273.70 408.81 32842
851.73 151.32 78252
773.71 110.27 7845

888.83 838.53 3 375.45
273.70 408.81 32842
851.73 151.32 78252
773.71 110.27 7845

888.83 838.53 3 377.16
273.70 408.81 32842
851.73 151.32 78252
773.71 110.27 7845

888.83 838.53 3 378.87
273.70 408.81 32842
851.73 151.32 78252
773.71 110.27 7845

888.83 838.53 3 380.58
273.70 408.81 32842
851.73 151.32 78252
773.71 110.27 7845

888.83 838.53 3 382.29
273.70 408.81 32842
851.73 151.32 78252
773.71 110.27 7845

888.83 838.53 3 384.00
273.70 408.81 32842
851.73 151.32 78252
773.71 110.27 7845

888.83 838.53 3 385.71
273.70 408.81 32842
851.73 151.32 78252
773.71 110.27 7845

888.83 838.53 3 387.42
273.70 408.81 32842
851.73 151.32 78252
773.71 110.27 7845

888.83 838.53 3 389.13
273.70 408.81 32842
851.73 151.32 78252
773.71 110.27 7845

888.83 838.53 3 390.84
273.70 408.81 32842
851.73 151.32 78252
773.71 110.27 7845

888.83 838.53 3 392.55
273.70 408.81 32842
851.73 151.32 78252
773.71 110.27 7845

888.83 838.53 3 394.26
273.70 408.81 32842
851.73 151.32 78252
773.71 110.27 7845

888.83 838.53 3 395.97
273.70 408.81 32842
851.73 151.32 78252
773.71 110.27 7845

888.83 838.53 3 397.68
273.70 408.81 32842
851.73 151.32 78252
773.71 110.27 7845

888.83 838.53 3 399.39
273.70 408.81 32842
851.73 151.32 78252
773.71 110.27 7845

888.83 838.53 3 401.10
273.70 408.81 32842
851.73 151.32 78252
773.71 110.27 7845

888.83 838.53 3 402.81
273.70 408.81 32842
851.73 151.32 78252
773.71 110.27 7845

888.83 838.53 3 404.52
273.70 408.81 32842
851.73 151.32 78252
773.71 110.27 7845

888.83 838.53 3 406.23
273.70 408.81 32842
851.73 151.32 78252
773.71 110.27 7845

888.83 838.53 3 407.94
273.70 408.81 32842
851.73 151.32 78252
773.71 110.27 7845

888.83 838.53 3 409.65
273.70 408.81 32842
851.73 151.32 78252
773.71 110.27 7845

888.83 838.53 3 411.36
273.70 408.81 32842
851.73 151.32 78252
773.71 110.27 7845

888.83 838.53 3 413.07
273.70 408.81 32842
851.73 151.32 78252
773.71 110.27 7845

888.83 838.53 3 414.78
273.70 408.81 32842
851.73 151.32 78252
773.71 110.27 7845

888.83 838.53 3 416.49
273.70 408.81 32842
851.73 151.32 78252
773.71 110.27 7845

888.83 838.53 3 418.20
273.70 408.81 32842
851.73 151.32 78252
773.71 110.27 7845

888.83 838.53 3 419.91
273.70 408.81 32842
851.73 151.32 78252
773.71 110.27 7845

888.83 838.53 3 421.62
273.70 408.81 32842
851.73 151.32 78252
773.71 110.27 7845

888.83 838.53 3 423.33
273.70 408.81 32842
851.73 151.32 78252
773.71 110.27 7845

888.83 838.53 3 425.04
273.70 408.81 32842
851.73 151.32 78252
773.71 110.27 7845

888.83 838.53 3 426.75
273.70 408.81 32842
851.73 151.32 78252
773.71 110.27 7845

888.83 838.53 3 428.46
273.70 408.81 32842
851.73 151.32 78252
773.71 110.27 7845

888.83 838.53 3 430.17
273.70 408.81 32842
851.73 151.32 78252
773.71 110.27 7845

888.83 838.53 3 431.88
273.70 408.81 32842
851.73 151.32 78252
773.71 110.27 7845

888.83 838.53 3 433.59
273.70 408.81 32842
851.73 151.32 78252
773.71 110.27 7845

888.83 838.53 3 435.30
273.70 408.81 32842
851.73 151.32 78252
773.71 110.27 7845

888.83 838.53 3 437.01
273.70 408.81 32842
851.73 151.32 78252
773.71 110.27 7845

888.83 838.53 3 438.72
273.70 408.81 32842
851.73 151.32 78252
773.71 110.27 7845

888.83 838.53 3 440.43
273.70 408.81 32842
851.73 151.32 78252
773.71 110.27 7845

888.83 838.53 3 442.14
273.70 408.81 32842
851.73 151.32 78252
773.71 110.27 7845

888.83 838.53 3 443.85
273.70 408.81 32842
851.73 151.32 78252
773.71 110.27 7845

888.83 838.53 3 445.56
273.70 408.81 32842
851.73 151.32 78252
773.71 110.27 7845

888.83 838.53 3 447.27
273.70 408.81 32842
851.73 151.32 78252
773.71 110.27 7845

888.83 838.53 3 448.98
273.70 408.81 32842
851.73 151.32 78252
773.71 110.27 7845

888.83 838.53 3 450.69
273.70 408.81 32842
851.73 151.32 78252
773.71 110.27 7845

888.83 838.53 3 452.40
273.70 408.81 32842
851.73 151.32 78252
773.71 110.27 7845

888.83 838.53 3 454.11
273.70 408.81 32842
851.73 151.32 78252
773.71 110.27 7845

888.83 838.53 3 455.82
273.70 408.81 32842
851.73 151.32 78252
773.71 110.27 7845

888.83 838.53 3 457.53
273.70 408.81 32842
851.73 151.32 78252
773.71 110.27 7845

888.83 838.53 3 459.24
273.70 408.81 32842
851.73 151.32 78252
773.71 110.27 7845

888.83 838.53 3 460.95
273.70 408.81 32842
851.73 151.32 78252
773.71 110.27 7845

888.83 838.53 3 462.66
273.70 408.81 32842
851.73 151.32 78252
773.71 110.27 7845

888.83 838.53 3 464.37
273.70 408.81 32842
851.73 151.32 78252
773.71 110.27 7845

888.83 838.53 3 466.08
273.70 408.81 32842
851.73 151.32 78252
773.71 110.27 7845

888.83 838.53 3 467.79
273.70 408.81 32842
851.73 151.32 78252
773.71 110.27 7845

888.83 838.53 3 469.50
273.70 408.81 32842
851.73 151.32 78252
773.71 110.27 7845

888.83 838.53 3 471.21
273.70 408.81 32842
851.73 151.32 78252
773.71 110.27 7845

888.83 838.53 3 472.92
273.70 408.81 32842
851.73 151.32 78252
773.71 110.27 7845

888.83 838.53 3 474.63
273.70 408.81 32842
851.73 151.32 78252
773.71 110.27 7845

888.83 838.53 3 476.34
273.70 408.81 32842
851.73 151.32 78252
773.71 110.27 7845

888.83 838.53 3 478.05
273.70 408.81 32842
851.73 151.32 78252
773.71 110.27 7845

888.83 838.53 3 479.76
273.70 408.81 32842
851.73 151.32 78252
773.71 110.27 7845

888.83 838.53 3 481.47
273.70 408.81 32842
851.73 151.32 78252
773.71 110.27 7845

888.83 838.53 3 483.18
273.70 408.81 32842
851.73 151.32 78252
773.71 110.27 7845

888.83 838.53 3 484.89
273.70 408.81 32842
851.73 151.32 78252
773.71 110.27 7845

888.83 838.53 3 486.60
273.70 408.81 32842
851.73 151.32 78252
773.71 110.27 7845

888.83 838.53 3 488.31
273.70 408.81 32842
851.73 151.32 78252
773.71 110.27 7845

888.83 838.53 3 490.02
273.70 408.81 32842
851.73 151.32 78252
773.71 110.27 7845

888.83 838.53 3 491.73
273.70 408.81 32842
851.73 151.32 78252
773.71 110.27 7845

888.83 838.53 3 493.44
273.70 408.81 32842
851.73 151.32 78252
773.71 110.27 7845

888.83 838.53 3 495.15
273.70 408.81 32842
851.73 151.32 78252
773.71 110.27 7845

888.83 838.53 3 496.86
273.70 408.81 32842
851.73 151.32 78252
773.71 110.27 7845

888.83 838.53 3 498.57
273.70 408.81 32842
851.73 151.32 78252
773.71 110.27 7845

888.83 838.53 3 500.28
273.70 408.81 32842
851.73 151.32 78252
773.71 110.27 7845

888.83 838.53 3 501.99
273.70 408.81 32842
851.73 151.32 78252
773.71 110.27 7845

888.83 838.53 3 503.70
273.70 408.81 32842
851.73 151.32 78252
773.71 110.27 7845

888.83 838.53 3 505.41
273.70 408.81 32842
851.73 151.32 78252
773.71 110.27 7845

888.83 838.53 3 507.12
273.70 408.81 32842
851.73 151.32 78252
773.71 110.27 7845

888.83 838.53 3 508.83
273.70 408.81 32842
851.73 151.32 78252
773.71 110.27 7845

888.83 838.53 3 510.54
273.70 408.81 32842
851.73 151.32 78252
773.71 110.27 7845

888.83 838.53 3 512.25
273.70 408.81 32842
851.73 151.32 78252
773.71 110.27 7845

888.83 838.53 3 513.96
273.70 408.81 32842
851.73 151.32 78252
773.71 110.27 7845

888.83 838.53 3 515.67
273.70 408.81 32842
851.73 151.32 78252
773.71 110.27 7845

888.83 838.53 3 517.38
273.70 408.81 32842
851.73 151.32 78252
773.71 110.27 7845

888.83 838.53 3 519.09
273.70 408.81 32842
851.73 151.32 78252
773.71 110.27 7845

888.83 838.53 3 520.80
273.70 408.81 32842
851.73 151.32 78252
773.71 110.27 7845

888.83 838.53 3 522.51
273.70 408.81 32842
851.73 151.32 78252
773.71 110.27 7845

888.83 838.53 3 524.22
273.70 408.81 32842
851.73 151.32 78252
773.71 110.27 7845

888.83 838.53 3 525.93
273.70 408.81 32842
851.73 151.32 78252
773.71 110.27 7845

888.83 838.53 3 527.64
273.70 408.81 32842
851.73 151.32 78252
773.71 110.27 7845

888.83 838.53 3 529.35
273.70 408.81 32842
851.73 151.32 78252
773.71 110.27 7845

888.83 838.53 3 531.06
273.70 408.81 32842
851.73 151.32 78252
773.71 110.27 7845

888.83 838.53 3 532.77
273.70 408.81 32842
851.73 151.32 78252
773.71 110.27 7845

888.83 838.53 3 534.48
273.70 408.81 32842
851.73 151.32 78252
773.71 110.27 7845

888.83 838.53 3 536.19
273.70 408.81 32842
851.73 151.32 78252
773.71 110.27 7845

888.83 838.53 3 537.90
273.70 408.81 32842
851.73 151.32 78252
773.71 110.27 7845

888.83 838.53 3 539.61
273.70 408.81 32842
851.73 151.32 78252
773.71 110.27 7845

888.83 838.53 3 541.32
273.70 408.81 32842
851.73 151.32 78252
773.71 110.27 7845

888.83 838.53 3 543.03
273.70 408.81 32842
851.73 151.32 78252
773.71 110.27 7845

888.83 838.53 3 544.74
273.70 408.81 32842
851.73 151.32 78252
773.71 110.27 7845

888.83 838.53 3 546.45
273.70 408.81 32842
851.73 151.32 78252
773.71 110.27 7845

888.83 838.53 3 548.16
273.70 408.81 32842
851.73 151.32 78252
773.71 110.27 7845

888.83 838.53 3 549.87
273.70 408.81 32842
851.73 151.32 78252
773.71 110.27 7845

888.83 838.53 3 551.58
273.70 408.81 32842
851.73 151.32 78252
773.71 110.27 7845

888.83 838.53 3 553.29
273.70 408.81 32842
851.73 151.32 78252
773.71 110.27 7845

888.83 838.53 3 555.00
273.70 408.81 32842
851.73 151.32 78252
773.71 110.27 7845

888.83 838.53 3 556.71
273.70 408.81 32842
851.73 151.32 78252
773.71 110.27 7845

888.83 838.53 3 558.42
273.70 408.81 32842
851.73 151.32 78252
773.71 110.27 7845

888.83 838.53 3 560.13
273.70 408.81 32842
851.73 151.32 78252
773.71 110.27 7845

888.83 838.53 3 561.84
273.70 408.81 32842
851.73 151.32 78252
773.71 110.27 7845

888.83 838.53 3 563.55
273.70 408.81 32842
851.73 151.32 78252
773.71 110.27 7845

888.83 838.53 3 565.26
273.70 408.81 32842
851.73 151.32 78252
773.71 110.27 7845

888.83 838.53 3 566.97
273.70 408.81 32842
851.73 151.32 78252
773.71 110.27 7845

888.83 838.53 3 568.68
273.70 408.81 32842
851.73 151.32 78252
773.71 110.27 7845

888.83 838.53 3 570.39
273.70 408.81 32842
851.73 151.32 78252
773.71 110.27 7845

888.83 838.53 3 572.10
273.70 408.81 32842
851.73 151.32 78252
773.71 110.27 7845

888.83 838.53 3 573.81
273.70 408.81 32842
851.73 151.32 78252
773.71 110.27 7845

888.83 838.53 3 575.52
273.70 408.81 32842
851.73 151.32 78252
773.71 110.27 7845

888.83 838.53 3 577.23
273.70 408.81 32842
851.73 151.32 78252
773.71 110.27 7845

888.83 838.53 3 578.94
273.70 408.81 32842
851.73 151.32 78252
773.71 110.27 7845

888.83 838.53 3 580.65
273.70 408.81 32842
851.73 151.32 78252
773.71 110.27 7845

888.83 838.53 3 582.36
273.70 408.81 32842
851.73 151.32 78252
773.71 110.27 7845

888.83 838.53 3 584.07
273.70 408.81 32842
851.73 151.32 78252
773.71 110.27 7845

888.83 838.53 3 585.78
273.70 408.81 32842
851.73 151.32 78252
773.71 110.27 7845

888.83 838.53 3 587.49
273.70 408.81 32842
851.73 151.32 78252
773.71 110.27 7845

888.83 838.53 3 589.20
273.70 408.81 32842
851.73 151.32 78252
773.71 110.27 7845

888.83 838.53 3 590.91
273.70 408.81 32842
851.73 151.32 78252
773.71 110.27 7845

888.83 838.53 3 592.62
273.70 408.81 32842
851.73 151.32 78252
773.71 110.27 7845

888.83 838.53 3 594.33
273.70 408.81 32842
851.73 151.32 78252
773.71 110.27 7845

888.83 838.53 3 596.04
273.70 408.81 32842
851.73 151.32 78252
773.71 110.27 7845

888.83 838.53 3 597.75
273.70 408.81 32842
851.73 151.32 78252
773.71 110.27 7845

888.83 838.53 3 599.46
273.70 408.81 32842
851.73 151.32 78252
773.71 110.27 7845

888.83 838.53 3 601.17
273.70 408.81 32842
851.73 151.32 78252
773.71 110.27 7845

888.83 838.53 3 602.88
273.70 408.81 32842
851.73 151.32 78252
773.71 110.27 7845

888.83 838.53 3 604.59
273.70 408.81 32842
851.73 151.32 78252
773.71 110.27 7845

888.83 838.53 3 606.30
273.70 408.81 32842
851.73 151.32 78252
773.71 110.27 7845

888.83 838.53 3 608.01
273.70 408.81 32842
851.73 151.32 78252
773.71 110.27 7845

888.83 838.53 3 609.72
273.70 408.81 32842
851.73 151.32 78252
773.71 110.27 7845

888.83 838.53 3 611.43
273.70 408.81 32842
851.73 151.32 78252
773.71 110.27 7845

888.83 838.53 3 613.14
273.70 408.81 32842
851.73 151.32 78252
773.71 110.27 7845

888.83 838.53 3 614.85
273.70 408.81 32842
851.73 151.32 78252
773.71 110.27 7845

888.83 838.53 3 616.56
273.70 408.81 32842
851.73 151.32 78252
773.71 110.27 7845

888.83 838.53 3 618.27
273.70 408.81 32842
851.73 151.32 78252
773.71 110.27 7845

888.83 838.53 3 619.98
273.70 408.81 32842
851.73 151.32 78252
773.71 110.27 7845

888.83 838.53 3 621.69
273.70 408.81 32842
851.73 151.32 78252
773.71 110.27 7845

888.83 838.53 3 623.40
273.70 408.81 32842
851.73 151.32 78252
773.71 110.27 7845

888.83 838.53 3 625.11
273.70 408.81 32842
851.73 151.32 78252
773.71 110.27 7845

888.83 838.53 3 626.82
273.70 408.81 32842
851.73 151.32 78252
773.71 110.27 7845

888.83 838.53 3 628.53
273.70 408.81 32842
851.73 151.32 78252
773.71 110.27 7845

888.83 838.53 3 630.24
273.70 408.81 32842
851.73 151.32 78252
773.71 110.27 7845

888.83 838.53 3 631.95
273.70 408.81 32842
851.73 151.32 78252
773.71 110.27 7845

888.83 838.53 3 633.66
273.70 408.81 32842
851.73 151.32 78252
773.71 110.27 7845

888.83 838.53 3 635.37
273.70 408.81 32842
851.73 151.32 78252
773.71 110.27 7845

888.83 838.53 3 637.08
273.70 408.81 32842
851.73 151.32 78252
773.71 110.27 7845

888.83 838.53 3 638.79
273.70 408.81 32842
851.73 151.32 78252
773.71 110.27 7845

888.83 838.53 3 640.50
273.70 408.81 32842
851.73 151.32 78252
773.71 110.27 7845

888.83 838.53 3 642.21
273.70 408.81 32842
851.73 151.32 78252
773.71 110.27 7845

888.83 838.53 3 643.92
273.70 408.81 32842
851.73 151.32 78252
773.71 110.27 7845

888.83 838.53 3 645.63
273.70 408.81 32842
851.73 151.32 78252
773.71 110.27 7845

888.83 838.53 3 647.34
273.70 408.81 32842
851.73 151.32 78252
773.71 110.27 7845

888.83 838.53 3 649.05
273.70 408.81 32842
851.73 151.32 78252
773.71 110.27 7845

888.83 838.53 3 650.76
273.70 408.81 32842
851.73 151.32 78252
773.71 110.27 7845

888.83 838.53 3 652.47
273.70 408.81 32842
851.73 151.32 78252
773.71 110.27 7845

888.83 838.53 3 654.18
273.70 408.81 32842
851.73 151.32 78252
773.71 110.27 7845

888.83 838.53 3 655.89
273.70 408.81 32842
851.73 151.32 78252
773.71 110.27 7845

888.83 838.53 3 657.60
273.70 408.81 32842
851.73 151.32 78252
773.71 110.27 7845

888.83 838.53 3 659.31
273.70 408.81 32842
851.73 151.32 78252
773.71 110.27 7845

888.83 838.53 3 661.02
273.70 408.81 32842
851.73 151.32 78252
773.71 110.27 7845

888.83 838.53 3 662.73
273.70 408.81 32842
851.73 151.32 78252
773.71 110.27 7845

888.83 838.53 3 664.44
273.70 408.81 32842
851.73 151.32 78252
773.71 110.27 7845

888.83 838.53 3 666.15
273.70 408.81 32842
851.73 151.32 78252
773.71 110.27 7845

888.83 838.53 3 667.86
273.70 408.81 32842
851.73 151.32 78252
773.71 110.27 7845

888.83 838.53 3 669.57
273.70 408.81 32842
851.73 151.32 78252
773.71 110.27 7845

888.83 838.53 3 671.28
273.70 408.81 32842
851.73 151.32 78252
773.71 110.27 7845

888.83 838.53 3 672.99
273.70 408.81 32842
851.73 151.32 78252
773.71 110.27 7845

888.83 838.53 3 674.70
273.70 408.81 32842
851.73 151.32 78252
773.71 110.27 7845

888.83 838.53 3 676.41
273.70 408.81 32842
851.73 151.32 78252
773.71 110.27 7845

888.83 838.53 3 678.12
273.70 408.81 32842
851.73 151.32 78252
773.71 110.27 7845

888.83 838.53 3 679.83
273.70 408.81 32842
851.73 151.32 78252
773.71 110.27 7845

888.83 838.53 3 681.54
273.70 408.81 32842
851.73 151.32 78252
773.71 110.27 7845

888.83 838.53 3 683.25
273.70 408.81 32842
851.73 151.32 78252
773.71 110.27 7845

888.83 838.53 3 684.96
273.70 408.81 32842
851.73 151.32 78252
773.71 110.27 7845

888.83 838.53 3 686.67
273.70 408.81 32842
851.73 151.32 78252
773.71 110.27 7845

888.83 838.53 3 688.38
273.70 408.81 32842
851.73 151.32 78252
773.71 110.27 7845

888.83 838.53 3 690.09
273.70 408.81 32842
851.73 151.32 78252
773.71 110.27 7845

888.83 838.53 3 691.80
273.70 408.81 32842
851.73 151.32 78252
773.71 110.27 7845

888.83 838.53 3 693.51
273.70 408.81 32842
851.73 151.32 78252
773.71 110.27 7845

888.83 838.53 3 695.22
273.70 408.81 32842
851.73 151.32 78252
773.71 110.27 7845

888.83 838.53 3 696.93
273.70 408.81 32842
851.73 151.32 78252
773.71 110.27 7845

888.83 838.53 3 698.64
273.70 408.81 32842
851.73 151.32 78252
773.71 110.27 7845

888.83 838.53 3 700.35
273.70 408.81 32842
851.73 151.32 78252
773.71 110.27 7845

888.83 838.53 3 702.06
273.70 408.81 32842
851.73 151.32 78252
773.71 110.27 7845

888.83 838.53 3 703.77
273.70 408.81 32842
851.73 151.32 78252
773.71 110.27 7845

888.83 838.53 3 705.48
273.70 408.81 32842
851.73 151.32 78252
773.71 110.27 7845

888.83 838.53 3 707.19
273.70 408.81 32842
851.73 151.32 78252
773.71 110.27 7845

888.83 838.53 3 708.90
273.70 408.81 32842
851.73 151.32 78252
773.71 110.27 7845

888.83 838.53 3 710.61
273.70 408.81 32842
851.73 151.32 78252
773.71 110.27 7845

888.83 838.53 3 712.32
273.70 408.81 32842
851.73 151.32 78252
773.71 110.27 7845

888.83 838.53 3 714.03
273.70 408.81 32842
851.73 151.32 78252
773.71 110.27 7845

888.83 838.53 3 715.74
273.70 408.81 32842
851.73 151.32 78252
773.71 110.27 7845

888.83 838.53 3 717.45
273.70 408.81 32842
851.73 151.32 78252
773.71 110.27 7845

888.83 838.53 3 719.16
273.70 408.81 32842
851.73 151.32 78252
773.71 110.27 7845

888.83 838.53 3 720.87
273.70 408.81 32842
851.73 151.32 78252
773.71 110.27 7845

888.83 838.53 3 722.58
273.70 408.81 32842
851.73 151.32 78252
773.71 110.27 7845

888.83 838.53 3 724.29
273.70 408.81 32842
851.73 151.32 78252
773.71 110.27 7845

888.83 838.53 3 726.00
273.70 408.81 32842
851.73 151.32 78252
773.71 110.27 7845

888.83 838.53 3 727.71
273.70 408.81 32842
851.73 151.32 78252
773.71 110.27 7845

888.83 838.53 3 729.42
273.70 408.81 32842
851.73 151.32 78252
773.71 110.27 7845

888.83 838.53 3 731.13
273.70 408.81 32842
851.73 151.32 78252
773.71 110.27 7845

888.83 838.53 3 732.84
273.70 408.81 32842
851.73 151.32 78252
773.71 110.27 7845

888.83 838.53 3 734.55
273.70 408.81 32842
851.73 151.32 78252
773.71 110.27 7845

888.83 838.53 3 736.26
273.70 408.81 32842
851.73 151.32 78252
773.71 110.27 7845

888.83 838.53 3 737.97
273.70 408.81 32842
851.73 151.32 78252
773.71 110.27 7845

888.83 838.53 3 739.68
273.70 408.81 32842
851.73 151.32 78252
773.71 110.27 7845

888.83 838.53 3 741.39
273.70 408.81 32842
851.73 151.32 78252
773.71 110.27 7845

888.83 838.53 3 743.10
273.70 408.81 32842
851.73 151.32 78252
773.71 110.27 7845

888.83 838.53 3 744.81
273.70 408.81 32842
851.73 151.32 78252
773.71 110.27 7845

888.83 838.53 3 746.52
273.70 408.81 32842
851.73 151.32 78252
773.71 110.27 7845

888.83 838.53 3 748.23
273.70 408.81 32842
851.73 151.32 78252
773.71 110.27 7845

888.83 838.53 3 749.94
273.70 408.81 32842
851.73 151.32 78252
773.71 110.27 7845

888.83 838.53 3 751.65
273.70 408.81 32842
851.73 151.32 78252
773.71 110.27 7845

888.83 838.53 3 753.36
273.70 408.81 32842
851.73 151.32 78252
773.71 110.27 7845

888.83 838.53 3 755.07
273.70 408.81 32842
851.73 151.32 78252
773.71 110.27 7845

888.83 838.53 3 756.78
273.70 408.81 32842
851.73 151.32 78252
773.71 110.27 7845

888.83 838.53 3 758.49
273.70 408.81 32842
851.73 151.32 78252
773.71 110.27 7845

888.83 838.53 3 760.20
273.70 408.81 32842
851.73 151.32 78252
773.71 110.27 7845

888.83 838.53 3 761.91
273.70 408.81 32842
851.73 151.32 78252
773.71 110.27 7845

888.83 838.53 3 763.62
273.70 408.81 32842
851.73 151.32 78252
773.71 110.27 7845

888.83 838.53 3 765.33
273.70 408.81 32842
851.73 151.32 78252
773.71 110.27 7845

888.83 838.53 3 767.04
273.70 408.81 32842
851.73 151.32 78252
773.71 110.27 7845

888.83 838.53 3 768.75
273.70 408.81 32842
851.73 151.32 78252
773.71 110.27 7845

888.83 838.53 3 770.46
273.70 408.81 32842
851.73 151.32 78252
773.71 110.27 7845

888.83 838.53 3 772.17
273.70 408.81 32842
851.73 151.32 78252
773.71 110.27 7845

888.83 838.53 3 773.88
273.70 408.81 32842
851.73 151.32 78252
773.71 110.27 7845

888.83 838.53 3 775.59
273.70 408.81 32842
851.73 151.32 78252
773.71 110.27 7845

888.83 838.53 3 777.30
273.70 408.81 32842
851.73 151.32 78252
773.71 110.27 7845

888.83 838.53 3 779.01
273.70 408.81 32842
851.73 151.32 78252
773.71 110.27 7845

888.83 838.53 3 780.72
273.70 408.81 32842
851.73 151.32 78252
773.71 110.27 7845

888.83 838.53 3 782.43
273.70 408.81 32842
851.73 151.32 78252
773.71 110.27 7845

888.83 838.53 3 784.14
273.70 408.81 32842
851.73 151.32 78252
773.71 110.27 7845

888.83 838.53 3 785.85
273.70 408.81 32842
851.73 151.32 78252
773.71 110.27 7845

888.83 838.53 3 787.56
273.70 408.81 32842
851.73 151.32 78252
773.71 110.27 7845

888.83 838.53 3 789.27
273.70 408.81 32842
851.73 151.32 78252
773.71 110.27 7845

888.83 838.53 3 790.98
273.70 408.81 32842
851.73 151.32 78252
773.71 110.27 7845

888.83 838.53 3 792.69
273.70 408.81 32842
851.73 151.32 78252
773.71 110.27 7845

888.83 838.53 3 794.40
273.70 408.81 32842
851.73 151.32 78252
773.71 110.27 7845

888.83 838.53 3 796.11
273.70 408.81 32842
851.73 151.32 78252
773.71 110.27 7845

888.83 838.53 3 797.82
273.70 408.81 32842
851.73 151.32 78252
773.71 110.27 7845

888.83 838.53 3 799.53
273.70 408.81 32842
851.73 151.32 78252
773.71 110.27 7845

888.83 838.53 3 801.24
273.70 408.81 32842
851.73 151.32 78252
773.71 110.27 7845

888.83 838.53 3 802.95
273.70 408.81 32842
851.73 151.32 78252
773.71 110.27 7845

888.83 838.53 3 804.66
273.70 408.81 32842
851.73 151.32 78252
773.71 110.27 7845

888.83 838.53 3 806.37
273.70 408.81 32842
851.73 151.32 78252
773.71 110.27 7845

888.83 838.53 3 808.08
273.70 408.81 32842
851.73 151.32 78252
773.71 110.27 7845

888.83 838.53 3 809.79
273.70 408.81 32842
851.73 151.32 78252
773.71 110.27 7845

888.83 838.53 3 811.50
273.70 408.81 32842
851.73 151.32 78252
773.71 110.27 7845

888.83 838.53 3 813.21
273.70 408.81 32842
851.73 151.32 78252
773.71 110.27 7845

888.83 838.53 3 814.92
273.70 408.81 32842
851.73 151.32 78252
773.71 110.27 7845

888.83 838.53 3 816.63
273.70 408.81 32842
851.73 151.32 78252
773.71 110.27 7845

888.83 838.53 3 818.34
273.70 408.81 32842
851.73 151.32 78252
773.71 110.27 7845

888.83 838.53 3 820.05
273.70 408.81 32842
851.73 151.32 78252
773.71 110.27 7845

888.83 838.53 3 821.76
273.70 408.81 32842
851.73 151.32 78252
773.71 110.27 7845

888.83 838.53 3 823.47
273.70 408.81 32842
851.73 151.32 78252
773.71 110.27 7845

888.83 838.53 3 825.18
273.70 408.81 32842
851.73 151.32 78252
773.71 110.27 7845

888.83 838.53 3 826.89
273.70 408.81 32842
851.73 151.32 78252
773.71 110.27 7845

888.83 838.53 3 828.60
273.70 408.81 32842
851.73 151.32 78252
773.71 110.27 7845

888.83 838.53 3 830.31
273.70 408.81 32842
851.73 151.32 78252
773.71 110.27 7845

888.83 838.53 3 832.02
273.70 408.81 32842
851.73 151.32 78252
773.71 110.27 7845

888.83 838.53 3 833.73
273.70 408.81 32842
851.73 151.32 78252
773.71 110.27 7845

888.83 838.53 3 835.44
273.70 408.81 32842
851.73 151.32 78252
773.71 110.27 7845

888.83 838.53 3 837.15
273.70 408.81 32842
851.73 151.32 78252
773.71 110.27 7845

888.83 838.53 3 838.86
273.70 408.81 32842
851.73 151.32 78252
773.71 110.27 7845

888.83 838.53 3 840.57
273.70 408.81 32842
851.73 151.32 78252
773.71 110.27 7845

888.83 838.53 3 842.28
273.70 408.81 32842
851.73 151.32 78252
773.71 110.27 7845

888.83 838.53 3 843.99
273.70 408.81 32842
851.73 151.32 78252
773.71 110.27 7845

888.83 838.53 3 845.70
273.70 408.81 32842
851.73 151.32 78252
773.71 110.27 7845

888.83 838.53 3 847.41
273.70 408.81 32842
851.73 151.32 78252
773.71 110.27 7845

888.83 838.53 3 849.12
273.70 408.81 32842
851.73 151.32 78252
773.71 110.27 7845

888.83 838.53 3 850.83
273.70 408.81 32842
851.73 151.32 78252
773.71 110.27 7845

888.83 838.53 3 852.54
273.70 408.81 32842
851.73 151.32 78252
773.71 110.27 7845

888.83 838.53 3 854.25
273.70 408.81 32842
851.73 151.32 78252
773.71 110.27 7845

888.83 838.53 3 855.96
273.70 408.81 32842
851.73 151.32 78252
773.71 110.27 7845

888.83 838.53 3 857.67
273.70 408.81 32842
851.73 151.32 78252
773.71 110.27 7845

888.83 838.53 3 859.38
273.70 408.81 32842
851.73 151.32 78252
773.71 110.27 7845

888.83 838.53 3 861.09
273.70 408.81 32842
851.73 151.32 78252
773.71 110.27 7845

888.83 838.53 3 862.80
273.70 408.81 32842
851.73 151.32 78252
773.71 110.27 7845

888.83 838.53 3 864.51
273.70 408.81 32842
851.73 151.32 78252
773.71 110.27 7845

888.83 838.53 3 866.22
273.70 408.81 32842
851.73 151.32 78252
773.71 110.27 7845

888.83 838.53 3 867.93
273.70 408.81 32842
851.73 151.32 78252
773.71 110.27 7845

888.83 838.53 3 869.64
273.70 408.81 32842
851.73 151.32 78252
773.71 110.27 7845

888.83 838.53 3 871.35
273.70 408.81 32842
851.73 151.32 78252
773.71 110.27 7845

888.83 838.53 3 873.06
273.70 408.81 32842
851.73 151.32 78252
773.71 110.27 7845

888.83 838.53 3 874.77
273.70 408.81 32842
851.73 151.32 78252
773.71 110.27 7845

888.83 838.53 3 876.48
273.70 408.81 32842
851.73 151.32 78252
773.71 110.27 7845

888.83 838.53 3 878.19
273.70 408.81 32842
851.73 151.32 78252
773.71 110.27 7845

888.83 838.53 3 879.90
273.70 408.81 32842
851.73 151.32 78252
773.71 110.27 7845

888.83 838.53 3 881.61
273.70 408.81 32842
851.73 151.32 78252
773.71 110.27 7845

888.83 838.53 3 883.32
273.70 408.81 32842
851.73 151.32 78252
773.71 110.27 7845

888.83 838.53 3 885.03
273.70 408.81 32842
851.73 151.32 78252
773.71 110.27 7845

888.83 838.53 3 886.74
273.70 408.81 32842
851.73 151.32 78252
773.71 110.27 7845

888.83 838.53 3 888.45
273.70 408.81 32842
851.73 151.32 78252
773.71 110.27 7845

888.83 838.53 3 890.16
273.70 408.81 32842
851.73 151.32 78252
773.71 110.27 7845

888.83 838.53 3 891.87
273.70 408.81 32842
851.73 151.32 78252
773.71 110.27 7845

888.83 838.53 3 893.58
273.70 408.81 32842
851.73 151.32 78252
773.71 110.27 7845

888.83 838.53 3 895.29
273.70 408.81 32842
851.73 151.32 78252
773.71 110.27 7845

888.83 838.53 3 897.00
273.70 408.81 32842
851.73 151.32 78252
773.71 110.27 7845

888.83 838.53 3 898.71
273.70 408.81 32842
851.73 151.32 78252
773.71 110.27 7845

888.83 838.53 3 900.42
273.70 408.81 32842
851.73 151.32 78252
773.71 110.27 7845

888.83 838.53 3 902.13
273.70 408.81 32842
851.73 151.32 78252
773.71 110.27 7845

888.83 838.53 3 903.84
273.70 408.81 32842
851.73 151.32 78252
773.71 110.27 7845

888.83 838.53 3 905.55
273.70 408.81 32842
851.73 151.32 78252
773.71 110.27 7845

888.83 838.53 3 907.26
273.70 408.81 32842
851.73 151.32 78252
773.71 110.27 7845

888.83 838.53 3 908.97
273.70 408.81 32842
851.73 151.32 78252
773.71 110.27 7845

888.83 838.53 3 910.68
273.70 408.81 32842
851.73 151.32 78252
773.71 110.27 7845

888.83 838.53 3 912.39
273.70 408.81 32842
851.73 151.32 78252
773.71 110.27 7845

888.83 838.53 3 914.10
273.70 408.81 32842
851.73 151.32 78252
773.71 110.27 7845

888.83 838.53 3 915.81
273.70 408.81 32842
851.73 151.32 78252
773.71 110.27 7845

888.83 838.53 3 917.52
273.70 408.81 32842
851.73 151.32 78252
773.71 110.27 7845

888.83 838.53 3 919.23
273.70 408.81 32842
851.73 151.32 78252
773.71 110.27 7845

888.83 838.53 3 920.94
273.70 408.81 32842
851.73 151.32 78252
773.71 110.27 7845

888.83 838.53 3 922.65
273.70 408.81 32842
851.73 151.32 78252
773.71 110.27 7845

888.83 838.53 3 924.36
273.70 408.81 32842
851.73 151.32 78252
773.71 110.27 7845

888.83 838.53 3 926.07
273.70 408.81 32842
851.73 151.32 78252
773.71 110.27 7845

888.83 838.53 3 927.78
273.70 408.81 32842
851.73 151.32 78252
773.71 110.27 7845

888.83 838.53 3 929.49
273.70 408.81 32842
851.73 151.32 78252
773.71 110.27 7845

888.83 838.53 3 931.20
273.70 408.81 32842
851.73 151.32 78252
773.71 110.27 7845

888.83 838.53 3 932.91
273.70 408.81 32842
851.73 151.32 78252
773.71 110.27 7845

888.83 838.53 3 934.62
273.70 408.81 32842
851.73 151.32 78252
773.71 110.27 7845

888.83 838.53 3 936.33
273.70 408.81 32842
851.73 151.32 78252
773.71 110.27 7845

888.83 838.53 3 938.04
273.70 408.81 32842
851.73 151.32 78252
773.71 110.27 7845

888.83 838.53 3 939.75
273.70 408.81 32842
851.73 151.32 78252
773.71 110.27 7845

888.83 838.53 3 941.46
273.70 408.81 32842
851.73 151.32 78252
773.71 110.27 7845

888.83 838.53 3 943.17
273.70 408.81 32842
851.73 151.32 78252
773.71 110.27 7845

888.83 838.53 3 944.88
273.70 408.81 32842
851.73 151.32 78252
773.71 110.27 7845

888.83 838.53 3 946.59
273.70 408.81 32842
851.73 151.32 78252
773.71 110.27 7845

888.83 838.53 3 948.30
273.70 408.81 32842
851.73 151.32 78252
773.71 110.27 7845

888.83 838.53 3 950.01
273.70 408.81 32842
851.73 151.32 78252
773.71 110.27 7845

888.83 838.53 3 951.72
273.70 408.81 32842
851.73 151.32 78252
773.71 110.27 7845

888.83 838.53 3 953.43
273.70 408.81 32842
851.73 151.32 78252
773.71 110.27 7845

888.83 838.53 3 955.14
273.70 408.81 32842
851.73 151.32 78252
773.71 110.27 7845

888.83 838.53 3 956.85
273.70 408.81 32842
851.73 151.32 78252
773.71 110.27 7845

888.83 838.53 3 958.56
273.70 408.81 32842
851.73 151.32 78252
773.71 110.27 7845

888.83 838.53 3 960.27
273.70 408.81 32842
851.73 151.32 78252
773.71 110.27 7845

888.83 838.53 3 961.98
273.70 408.81 32842
851.73 151.32 78252
773.71 110.27 7845

888.83 838.53 3 963.69
273.70 408.81 32842
851.73 151.32 78252
773.71 110.27 7845

888.83 838.53 3 965.40
273.70 408.81 32842
851.73 151.32 78252
773.71 110.27 7845

888.83 838.53 3 967.11
273.70 408.81 32842
851.73 151.32 78252
773.71 110.27 7845

888.83 838.53 3 968.82
273.70 408.81 32842
851.73 151.32 78252
773.71 110.27 7845

888.83 838.53 3 970.53
273.70 408.81 32842
851.73 151.32 78252
773.71 110.27 7845

888.83 838.53 3 972.24
273.70 408.81 32842
851.73 151.32 78252
773.71 110.27 7845

888.83 838.53 3 973.95
273.70 408.81 32842
851.73 151.32 78252
773.71 110.27 7845

888.83 838.53 3 975.66
273.70 408.81 32842
851.73 151.32 78252
773.71 110.27 7845

888.83 838.53 3 977.37
273.70 408.81 32842
851.73 151.32 78252
773.71 110.27 7845

888.83 838.53 3 979.08
273.70 408.81 32842
851.73 151.32 78252
773.71 110.27 7845

888.83 838.53 3 980.79
273.70 408.81 32842
851.73 151.32 78252
773.71 110.27 7845

888.83 838.53 3 982.50
273.70 408.81 32842
851.73 151.32 78252
773.71 110.27 7845

888.83 838.53 3 984.21
273.70 408.81 32842
851.73 151.32 78252
773.71 110.27 7845

888.83 838.53 3 985.92
273.70 408.81 32842
851.73 151.32 78252
773.71 110.27 7845

888.83 838.53 3 987.63
273.70 408.81 32842
851.73 151.32 78252
773.71 110.27 7845

888.83 838.53 3 989.34
273.70 408.81 32842
851.73 151.32 78252
773.71 110.27 7845

888.83 838.53 3 991.05
273.70 408.81 32842
851.73 151.32 78252
773.71 110.27 7845

888.83 838.53 3 992.76
273.70 408.81 32842
851.73 151.32 78252
773.71 110.27 7845

888.83 838.53 3 994.47
273.70 408.81 32842
851.73 151.32 78252
773.71 110.27 7845

888.83 838.53 3 996.18
273.70 408.81 32842
851.73 151.32 78252
773.71 110.27 7845

888.83 838.53 3 997.89
273.70 408.81 32842
851.73 151.32 78252
773.71 110.27 7845

888.83 838.53 3 999.60
273.70 408.81 32842
851.73 151.32 78252
773.71 110.27 7845

888.83 838.53 3 1001.31
273.70 408.81 32842
851.73 151.32 78252
773.71 110.27 7845

888.83 838.53 3 1003.02
273.70 408.81 32842
851.73 151.32 78252
773.71 110.27 7845

888.83 838.53 3 1004.73
273.70 408.81 32842
851.73 151.32 78252
773.71 110.27 7845

888.83 838.53 3 1006.44
273.70 408.81 32842
851.73 151.32 78252
773.71 110.27 7845

888.83 838.53 3 1008.15
273.70 408.81 32842
851.73 151.32 78252
773.71 110.27 7845

888.83 838.53 3 1009.86
273.70 408.81 32842
851.73 151.32 78252
773.71 110.27 7845

888.83 838.53 3 1011.57
273.70 408.81 32842
851.73 151.32 78252
773.71 110.27 7845

888.83 838.53 3 1013.28
273.70 408.81 32842
851.73 151.32 78252
773.71 110.27 7845

888.83 838.53 3 1014.99
273.70 408.81 32842
851.73 151.32 78252
773.71 110.27 7845

888.83 838.53 3 1016.70
273.70 408.81 32842
851.73 151.32 78252
773.71 110.27 7845

888.83 838.53 3 1018.41
273.70 408.81 32842
851.73 151.32 78252
773.71 110.27 7845

888.83 838.53 3 1020.12
273.70 408.81 32842
851.73 151.32 78252
773.71 110.27 7845

888.83 838.53 3 1021.83
273.70 408.81 32842
851.73 151.32 78252
773.71 110.27 7845

888.83 838.53 3 1023.54
273.70 408.81 32842
851.73 151.32 78252
773.71 110.27 7845

888.83 838.53 3 1025.25
273.70 408.81 32842
851.73 151.32 78252
773.71 110.27 7845

888.83 838.53 3 1026.96
273.70 408.81 32842
851.73 151.32 78252
773.71 110.27 7845

888.83 838.53 3 1028.67
273.70 408.81 32842
851.73 151.32 78252
773.71 110.27 7845

888.83 838.53 3 1030.38
273.70 408.81 32842
851.73 151.32 78252
773.71 110.27 7845

888.83 838.53 3 1032.09
273.70 408.81 32842
851.73 151.32 78252
773.71 110.27 7845

888.83 838.53 3 1033.80
273.70 408.81 32842
851.73 151.32 78252
773.71 110.27 7845

888.83 838.53 3 1035.51
273.70 408.81 32842
851.73 151.32 78252
773.71 110.27 7845

888.83 838.53 3 1037.22
273.70 408.81 32842
851.73 151.32 78252
773.71 110.27 7845

888.83 838.53 3 1038.93
273.70 408.81 32842
851.73 151.32 78252
773.71 110.27 7845

888.83 838.53 3 1040.64
273.70 408.81 32842
851.73 151.32 78252
773.71 110.27 7845

888.83 838.53 3 1042.35
273.70 408.81 32842
851.73 151.32 78252
773.71 110.27 7845

888.83 838.53 3 1044.06
273.70 408.81 32842
851.73 151.32 78252
773.71 110.27 7845

888.83 838.53 3 1045.77
273.70 408.81 32842
851.73 151.32 78252
773.71 110.27 7845

888.83 838.53 3 1047.48
273.70 408.81 32842
851.73 151.32 78252
773.71 110.27 7845

888.83 838.53 3 1049.19
273.70 408.81 32842
851.73 151.32 78252
773.71 110.27 7845

888.83 838.53 3 1050.90
273.70 408.81 32842
851.73 151.32 78252
773.71 110.27 7845

888.83 838.53 3 1052.61
273.70 408.81 32842
851.73 151.32 78252
773.71 110.27 7845

888.83 838.53 3 1054.32
273.70 408.81 32842
851.73 151.32 78252
773.71 110.27 7845

888.83 838.53 3 1056.03
273.70 408.81 32842
851.73 151.32 78252
773.71 110.27 7845

888.83 838.53 3 1057.74
273.70 408.81 32842
851.73 151.32 78252
773.71 110.27 7845

888.83 838.53 3 1059.45
273.70 408.81 32842
851.73 151.32 78252
773.71 110.27 7845

888.83 838.53 3 1061.16
273.70 408.81 32842
851.73 151.32 78252
773.71 110.27 7845

888.83 838.53 3 1062.87
273.70 408.81 32842
851.73 151.32 78252
773.71 110.27 7845

888.83 838.53 3 1064.58
273.70 408.81 32842
851.73 151.32 78252
773.71 110.27 7845

888.83 838.53 3 1066.29
273.70 408.81 32842
851.73 151.32 78252
773.71 110.27 7845

888.83 838.53 3 1068.00
273.70 408.81 32842
851.73 151.32 78252
773.71 110.27 7845

888.83 838.53 3 1069.71
273.70 408.81 32842
851.73 151.32 78252
773.71 110.27 7845

888.83 838.53 3 1071.42
273.70 408.81 32842
851.73 151.32 78252
773.71 110.27 7845

888.83 838.53 3 1073.13
273.70 408.81 32842
851.73 151.32 78252
773.71 110.27 7845

888.83 838.53 3 1074.84
273.70 408.81 32842
851.73 151.32 78252
773.71 110.27 7845

888.83 838.53 3 1076.55
273.70 408.81 32842
851.73 151.32 78252
773.71 110.27 7845

888.83 838.53 3 1078.26
273.70 408.81 32842
851.73 151.32 78252
773.71 110.27 7845

888.83 838.53 3 1079.97
273.70 408.81 32842
851.73 151.32 78252
773.71 110.27 7845

888.83 838.53 3 1081.68
273.70 408.81 32842
851.73 151.32 78252
773.71 110.27 7845

888.83 838.53 3 1083.39
273.70 408.81 32842
851.73 151.32 78252
773.71 110.27 7845

888.83 838.53 3 1085.10
273.70 408.81 32842
851.73 151.32 78252
773.71 110.27 7845

888.83 838.53 3 1086.81
273.70 408.81 32842
851.73 151.32 78252
773.71 110.27 7845

888.83 838.53 3 1088.52
273.70 408.81 32842
851.73 151.32 78252
773.71 110.27 7845

888.83 838.53 3 1090.23
273.70 408.81 32842
851.73 151.32 78252
773.71 110.27 7845

888.83 838.53 3 1091.94
273.70 408.81 32842
851.73 151.32 78252
773.71 110.27 7845

888.83 838.53 3 1093.65
273.70 408.81 32842
851.73 151.32 78252
773.71 110.27 7845

888.83 838.53 3 1095.36
273.70 408.81 32842
851.73 151.32 78252
773.71 110.27 7845

888.83 838.53 3 1097.07
273.70 408.81 32842
851.73 151.32 78252
773.71 110.27 7845

888.83 838.53 3 1098.78
273.70 408.81 32842
851.73 151.32 78252
773.71 110.27 7845

888.83 838.53 3 1100.49
273.70 408.81 32842
851.73 151.32 78252
773.71 110.27 7845

888.83 838.53 3 1102.20
273.70 408.81 32842
851.73 151.32 78252
773.71 110.27 7845

888.83 838.53 3 1103.91
273.70 408.81 32842
851.73 151.32 78252
773.71 110.27 7845

888.83 838.53 3 1105.62
273.70 408.81 32842
851.73 151.32 78252
773.71 110.27 7845

888.83 838.53 3 1107.33
273.70 408.81 32842
851.73 151.32 78252
773.71 110.27 7845

888.83 838.53 3 1109.04
273.70 408.81 32842
851.73 151.32 78252
773.71 110.27 7845

888.83 838.53 3 1110.75
273.70 408.81 32842
851.73 151.32 78252
773.71 110.27 7845

888.83 838.53 3 1112.46
273.70 408.81 32842
851.73 151.32 78252
773.71 110.27 7845

888.83 838.53 3 1114.17
273.70 408.81 32842
851.73 151.32 78252
773.71 110.27 7845

888.83 838.53 3 1115.88
273.70 408.81 32842
851.73 151.32 78252
773.71 110.27 7845

888.83 838.53 3 1117.59
273.70 408.81 32842
851.73 151.32 78252
773.71 110.27 7845

888.83 838.53 3 1119.30
273.70 408.81 32842
851.73 151.32 78252
773.71 110.27 7845

888.83 838.53 3 1121.01
273.70 408.81 32842
851.73 151.32 78252
773.71 110.27 7845

888.83 838.53 3 1122.72
273.70 408.81 32842
851.73 151.32 78252
773.71 110.27 7845

888.83 838.53 3 1124.43
273.70 408.81 32842
851.73 151.32 78252
773.71 110.27 7845

888.83 838.53 3 1126.14
273.70 408.81 32842
851.73 151.32 78252
773.71 110.27 7845

888.83 838.53 3 1127.85
273.70 408.81 32842
851.73 151.32 78252
773.71 110.27 7845

888.83 838.53 3 1129.56
273.70 408.81 32842
851.73 151.32 78252
773.71 110.27 7845

888.83 838.53 3 1131.27
273.70 408.81 32842
851.73 151.32 78252
773.71 110.27 7845

888.83 838.53 3 1132.98
273.70 408.81 32842
851.73 151.32 78252
773.71 110.27 7845

888.83 838.53 3 1134.69
273.70 408.81 32842
851.73 151.32 78252
773.71 110.27 7845

888.83 838.53 3 1136.40
273.70 408.81 32842
851.73 151.32 78252
773.71 110.27 7845

888.83 838.53 3 1138.11
273.70 408.81 32842
851.73 151.32 78252
773.71 110.27 7845

888.83 838.53 3 1139.82
273.70 408.81 32842
851.73 151.32 78252
773.71 110.27 7845

888.83 838.53 3 1141.53
273.70 408.81 32842
851.73 151.32 78252
773.71 110.27 7845

888.83 838.53 3 1143.24
273.70 408.81 32842
851.73 151.32 78252
773.71 110.27 7845

888.83 838.53 3 1144.95
273.70 408.81 32842
851.73 151.32 78252
773.71 110.27 7845

888.83 838.53 3 1146.66
273.70 408.81 32842
851.73 151.32 78252
773.71 110.27 7845

888.83 838.53 3 1148.37
273.70 408.81 32842
851.73 151.32 78252
773.71 110.27 7845

888.83 838.53 3 1150.08
273.70 408.81 32842
851.73 151.32 78252
773.71 110.27 7845

888.83 838.53 3 1151.79
273.70 408.81 32842
851.73 151.32 78252
773.71 110.27 7845

888.83 838.53 3 1153.50
273.70 408.81 32842
851.73 151.32 78252
773.71 110.27 7845

888.83 838.53 3 1155.21
273.70 408.81 32842
851.73 151.32 78252
773.71 110.27 7845

888.83 838.53 3 1156.92
273.70 408.81 32842
851.73 151.32 78252
773.71 110.27 7845

888.83 838.53 3 1158.63
273.70 408.81 32842
851.73 151.32 78252
773.71 110.27 7845

888.83 838.53 3 1160.34
273.70 408.81 32842
851.73 151.32 78252
773.71 110.27 7845

888.83 838.53 3 1162.05
273.70 408.81 32842
851.73 151.32 78252
773.71 110.27 7845

888.83 838.53 3 1163.76
273.70 408.81 32842
851.73 151.32 78252
773.71 110.27 7845

888.83 838.53 3 1165.47
273.70 408.81 32842
851.73 151.32 78252
773.71 110.27 7845

888.83 838.53 3 1167.18
273.70 408.81 32842
851.73 151.32 78252
773.71 110.27 7845

888.83 838.53 3 1168.89
273.70 408.81 32842
851.73 151.32 78252
773.71 110.27 7845

888.83 838.53 3 1170.60
273.70 408.81 32842
851.73 151.32 78252
773.71 110.27 7845

888.83 838.53 3 1172.31
273.70 408.81 32842
851.73 151.32 78252
773.71 110.27 7845

888.83 838.53 3 1174.02
273.70 408.81 32842
851.73 151.32 78252
773.71 110.27 7845

888.83 838.53 3 1175.73
273.70 408.81 32842
851.73 151.32 78252
773.71 110.27 7845

888.83 838.53 3 1177.44
273.70 408.81 32842
851.73 151.32 78252
773.71 110.27 7845

888.83 838.53 3 1179.15
273.70 408.81 32842
851.73 151.32 78252
773.71 110.27 7845

888.83 838.53 3 1180.86
273.70 408.81 32842
851.73 151.32 78252
773.71 110.27 7845

888.83 838.53 3 1182.57
273.70 408.81 32842
851.73 151.32 78252
773.71 110.27 7845

888.83 838.53 3 1184.28
273.70 408.81 32842
851.73 151.32 78252
773.71 110.27 7845

888.83 838.53 3 1185.99
273.70 408.81 32842
851.73 151.32 78252
773.71 110.27 7845

888.83 838.53 3 1187.70
273.70 408.81 32842
851.73 151.32 78252
773.71 110.27 7845

888.83 838.53 3 1189.41
273.70 408.81 32842
851.73 151.32 78252
773.71 110.27 7845

888.83 838.53 3 1191.12
273.70 408.81 32842
851.73 151.32 78252
773.71 110.27 7845

888.83 838.53 3 1192.83
273.70 408.81 32842
851.73 151.32 78252
773.71 110.27 7845

888.83 838.53 3 1194.54
273.70 408.81 32842
851.73 151.32 78252
773.71 110.27 7845

888.83 838.53 3 1196.25
273.70 408.81 32842
851.73 151.32 78252
773.71 110.27 7845

888.83 838.53 3 1197.96
273.70 408.81 32842
851.73 151.32 78252
773.71 110.27 7845

888.83 838.53 3 1199.67
273.70 408.81 32842
851.73 151.32 78252
773.71 110.27 7845

888.83 838.53 3 1201.38
273.70 408.81 32842
851.73 151.32 78252
773.71 110.27 7845

888.83 838.53 3 1203.09
273.70 408.81 32842
851.73 151.32 78252
773.71 110.27 7845

888.83 838.53 3 1204.80
273.70 408.81 32842
851.73 151.32 78252
773.71 110.27 7845

888.83 838.53 3 1206.51
273.70 408.81 32842
851.73 151.32 78252
773.71 110.27 7845

888.83 838.53 3 1208.22
273.70 408.81 32842
851.73 151.32 78252
773.71 110.27 7845

888.83 838.53 3 1209.93
273.70 408.81 32842
851.73 151.32 78252
773.71 110.27 7845

888.83 838.53 3 1211.64
273.70 408.81 32842
851.73 151.32 78252
773.71 110.27 7845

888.83 838.53 3 1213.35
273.70 408.81 32842
851.73 151.32 78252
773.71 110.27 7845

888.83 838.53 3 1215.06
273.70 408.81 32842
851.73 151.32 78252
773.71 110.27 7845

888.83 838.53 3 1216.77
273.70 408.81 32842
851.73 151.32 78252
773.71 110.27 7845

888.83 838.53 3 1218.48
273.70 408.81 32842
851.73 151.32 78252
773.71 110.27 7845

888.83 838.53 3 1220.19
273.70 408.81 32842
851.73 151.32 78252
773.71 110.27 7845

888.83 838.53 3 1221.90
273.70 408.81 32842
851.73 151.32 78252
773.71 110.27 7845

888.83 838.53 3 1223.61
273.70 408.81 32842
851.73 151.32 78252
773.71 110.27 7845

888.83 838.53 3 1225.32
273.70 408.81 32842
851.73 151.32 78252
773.71 110.27 7845

888.83 838.53 3 1227.03
273.70 408.81 32842
851.73 151.32 78252
773.71 110.27 7845

888.83 838.53 3 1228.74
273.70 408.81 32842
851.73 151.32 78252
773.71 110.27 7845

888.83 838.53 3 1230.45
273.70 408.81 32842
851.73 151.32 78252
773.71 110.27 7845

888.83 838.53 3 1232.16
273.70 408.81 32842
851.73 151.32 78252
773.71 110.27 7845

888.83 838.53 3 1233.87
273.70 408.81 32842
851.73 151.32 78252
773.71 110.27 7845

888.83 838.53 3 1235.58
273.70 408.81 32842
851.73 151.32 78252
773.71 110.27 7845

888.83 838.53 3 1237.29
273.70 408.81 32842
851.73 151.32 78252
773.71 110.27 7845

888.83 838.53 3 1239.00
273.70 408.81 32842
851.73 151.32 78252
773.71 110.27 7845

888.83 838.53 3 1240.71
273.70 408.81 32842
851.73 151.32 78252
773.71 110.27 7845

888.83 838.53 3 1242.42
273.70 408.81 32842
851.73 151.32 78252
773.71 110.27 7845

888.83 838.53 3 1244.13
273.70 408.81 32842
851.73 151.32 78252
773.71 110.27 7845

888.83 838.53 3 1245.84
273.70 408.81 32842
851.73 151.32 78252
773.71 110.27 7845

888.83 838.53 3 1247.55
273.70 408.81 32842
851.73 151.32 78252
773.71 110.27 7845

888.83 838.53 3 1249.26
273.70 408.81 32842
851.73 151.32 78252
773.71 110.27 7845

888.83 838.53 3 1250.97
273.70 408.81 32842
851.73 151.32 78252
773.71 110.27 7845

888.83 838.53 3 1252.68
273.70 408.81 32842
851.73 151.32 78252
773.71 110.27 7845

888.83 838.53 3 1254.39
273.70 408.81 32842
851.73 151.32 78252
773.71 110.27 7845

888.83 838.53 3 1256.10
273.70 408.81 32842
851.73 151.32 78252
773.71 110.27 7845

888.83 838.53 3 1257.81
273.70 408.81 32842
851.73 151.32 78252
773.71 110.27 7845

888.83 838.53 3 1259.52
273.70 408.81 32842
851.73 151.32 78252
773.71 110.27 7845

888.83 838.53 3 1261.23
273.70 408.81 32842
851.73 151.32 78252
773.71 110.27 7845

888.83 838.53 3 1262.94
273.70 408.81 32842
851.73 151.32 78252
773.71 110.27 7845

888.83 838.53 3 1264.65
273.70 408.81 32842
851.73 151.32 78252
773.71 110.27 7845

888.83 838.53 3 1266.36
273.70 408.81 32842
851.73 151.32 78252
773.71 110.27 7845

888.83 838.53 3 1268.07
273.70 408.81 32842
851.73 151.32 78252
773.71 110.27 7845

888.83 838.53 3 1269.78
273.70 408.81 32842
851.73 151.32 78252
773.71 110.27 7845

888.83 838.53 3 1271.49
273.70 408.81 32842
851.73 151.32 78252
773.71 110.27 7845

888.83 838.53 3 1273.20
273.70 408.81 32842
851.73 151.32 78252
773.71 110.27 7845

888.83 838.53 3 1274.91
273.70 408.81 32842
851.73 151.32 78252
773.71 110.27 7845

888.83 838.53 3 1276.62
273.70 408.81 32842
851.73 151.32 78252
773.71 110.27 7845

888.83 838.53 3 1278.33
273.70 408.81 32842
851.73 151.32 78252
773.71 110.27 7845

888.83 838.53 3 1280.04
273.70 408.81 32842
851.73 151.32 78252
773.71 110.27 7845

888.83 838.53 3 1281.75
273.70 408.81 32842
851.73 151.32 78252
773.71 110.27 7845

888.83 838.53 3 1283.46
273.70 408.81 32842
851.73 151.32 78252
773.71 110.27 7845

888.83 838.53 3 1285.17
273.70 408.81 32842
851.73 151.32 78252
773.71 110.27 7845

888.83 838.53 3 1286.88
273.70 408.81 32842
851.73 151.32 78252
773.71 110.27 7845

888.83 838.53 3 1288.59
273.70 408.81 32842
851.73 151.32 78252
773.71 110.27 7845

888.83 838.53 3 1290.30
273.70 408.81 32842
851.73 151.32 78252
773.71 110.27 7845

888.83 838.53 3 1292.01
273.70 408.81 32842
851.73 151.32 78252
773.71 110.27 7845

888.83 838.53 3 1293.72
273.70 408.81 32842
851.73 151.32 78252
773.71 110.27 7845

888.83 838.53 3 1295.43
273.70 408.81 32842
851.73 151.32 78252
773.71 110.27 7845

888.83 838.53 3 1297.14
273.70 408.81 32842
851.73 151.32 78252
773.71 110.27 7845

888.83 838.53 3 1298.85
273.70 408.81 32842
851.73 151.32 78252
773.71 110.27 7845

888.83 838.53 3 1300.56
273.70 408.81 32842
851.73 151.32 78252
773.71 110.27 7845

888.83 838.53 3 1302.27
273.70 408.81 32842
851.73 151.32 78252
773.71 110.27 7845

888.83 838.53 3 1303.98
273.70 408.81 32842
851.73 151.32 78252
773.71 110.27 7845

888.83 838.53 3 1305.69
273.70 408.81 32842
851.73 151.32 78252
773.71 110.27 7845

888.83 838.53 3 1307.40
273.70 408.81 32842
851.73 151.32 78252
773.71 110.27 7845

888.83 838.53 3 1309.11
273.70 408.81 32842
851.73 151.32 78252
773.71 110.27 7845

888.83 838.53 3 1310.82
273.70 408.81 32842
851.73 151.32 78252
773.71 110.27 7845

888.83 838.53 3 1312.53
273.70 408.81 32842
851.73 151.32 78252
773.71 110.27 7845

888.83 838.53 3 1314.24
273.70 408.81 32842
851.73 151.32 78252
773.71 110.27 7845

888.83 838.53 3 1315.95
273.70 408.81 32842
851.73 151.32 78252
773.71 110.27 7845

888.83 838.53 3 1317.66
273.70 408.81 32842
851.73 151.32 78252
773.71 110.27 7845

888.83 838.53 3 1319.37
273.70 408.81 32842
851.73 151.32 78252
773.71 110.27 7845

888.83 838.53 3 1321.08
273.70 408.81 32842
851.73 151.32 78252
773.71 110.27 7845

888.83 838.53 3 1322.79
273.70 408.81 32842
851.73 151.32 78252
773.71 110.27 7845

888.83 838.53 3 1324.50
273.70 408.81 32842
851.73 151.32 78252
773.71 110.27 7845

888.83 838.53 3 1326.21
273.70 408.81 32842
851.73 151.32 78252
773.71 110.27 7845

888.83 838.53 3 1327.92
273.70 408.81 32842
851.73 151.32 78252
773.71 110.27 7845

888.83 838.53 3 1329.63
273.70 408.81 32842
851.73 151.32 78252
773.71 110.27 7845

888.83 838.53 3 1331.34
273.70 408.81 32842
851.73 151.32 78252
773.71 110.27 7845

888.83 838.53 3 1333.05
273.70 408.81 32842
851.73 151.32 78252
773.71 110.27 7845

888.83 838.53 3 1334.76
273.70 408.81 32842
851.73 151.32 78252
773.71 110.27 7845

888.83 838.53 3 1336.47
273.70 408.81 32842
851.73 151.32 78252
773.71 110.27 7845

888.83 838.53 3 1338.18
273.70 408.81 32842
851.73 151.32 78252
773.71 110.27 7845

888.83 838.53 3 1339.89
273.70 408.81 32842
851.73 151.32 78252
773.71 110.27 7845

888.83 838.53 3 1341.60
273.70 408.81 32842
851.73 151.32 78252
773.71 110.27 7845

888.83 838.53 3 1343.31
273.70 408.81 32842
851.73 151.32 78252
773.71 110.27 7845

888.83 838.53 3 1345.02
273.70 408.81 32842
851.73 151.32 78252
773.71 110.27 7845

888.83 838.53 3 1346.73
273.70 408.81 32842
851.73 151.32 78252
773.71 110.27 7845

888.83 838.53 3 1348.44
273.70 408.81 32842
851.73 151.32 78252
773.71 110.27 7845

888.83 838.53 3 1350.15
273.70 408.81 32842
851.73 151.32 78252
773.71 110.27 7845

888.83 838.53 3 1351.86
273.70 408.81 32842
851.73 151.32 78252
773.71 110.27 7845

888.83 838.53 3 1353.57
273.70 408.81 32842
851.73 151.32 78252
773.71 110.27 7845

888.83 838.53 3 1355.28
273.70 408.81 32842
851.73 151.32 78252
773.71 110.27 7845

888.83 838.53 3 1356.99
273.70 408.81 32842
851.73 151.32 78252
773.71 110.27 7845

888.83 838.53 3 1358.70
273.70 408.81 32842
851.73 151.32 78252
773.71 110.27 7845

888.83 838.53 3 1360.41
273.70 408.81 32842
851.73 151.32 78252
773.71 110.27 7845

888.83 838.53 3 1500.00
273.70 408.81 32842
851.73 151.32 78252
773.71 110.27 7845

