10
1.39 30.08 25 22.61
0.35 9.39 4
0.77 16.59 15
1.33 27.51 32
0.10 6.70 2
1.28 24.20 25
0.19 3.50 40
0.47 20.75 30
0.45 22.69 22
0.62 14.80 34
1.22 18.00 45
0.55 24.19 1
1.34 28.26 47
0.18 29.10 14
1.11 2.99 39
1.02 21.94 30
0.68 15.78 20
1.17 6.44 46
0.12 21.49 24
0.68 26.98 43
0.50 24.73 44
0.20 2.21 21
0.79 12.94 38
0.57 16.74 35
0.42 1.91 41
0.30 28.89 29
22.51 29.84 47 27.88
3.11 11.96 8
2.99 11.28 34
12.89 22.37 41
7.37 20.83 47
1.24 19.12 50
9.62 12.33 28
5.56 11.03 16
17.39 7.37 18
16.16 28.99 0
13.71 11.65 3
14.05 21.68 33
1.92 0.92 31
10.16 11.54 35
17.35 23.36 0
12.06 17.38 44
2.89 12.14 26
10.02 10.73 13
18.12 16.16 25
7.26 26.64 7
14.73 7.86 32
16.78 23.80 36
7.68 10.63 0
5.33 7.11 46
7.13 25.69 12
21.75 13.03 32
6.19 25.75 38
17.48 24.07 20
6.04 21.99 29
14.99 0.24 0
11.59 3.47 42
4.92 11.67 7
5.49 4.48 13
9.82 1.39 37
17.41 28.18 48
10.17 21.87 44
4.61 23.48 3
10.95 0.99 23
1.85 22.40 2
12.17 17.08 12
5.55 17.77 47
14.16 3.03 30
16.64 24.29 32
13.08 24.94 24
16.62 9.54 37
10.31 15.46 44
13.50 15.02 44
1.03 2.72 15
22.72 18.82 47 2.20
11.06 4.40 26
0.29 5.74 18
12.53 10.21 35
20.96 1.62 25
7.07 6.83 29
7.14 1.23 44
13.94 10.13 1
21.65 1.97 35
2.25 9.60 38
14.31 11.85 16
12.02 1.36 16
4.22 5.27 28
21.22 15.31 46
21.70 17.06 30
9.32 3.44 10
6.84 6.12 47
10.28 5.42 41
9.85 15.30 49
0.30 4.97 0
11.14 13.87 34
17.11 18.30 6
10.08 12.92 18
18.34 0.06 36
4.01 7.71 38
21.69 8.21 5
7.29 8.22 47
19.13 8.00 22
15.78 18.56 27
18.81 11.12 9
17.27 13.41 2
22.65 16.42 28
12.47 8.81 35
17.78 4.81 30
17.98 9.91 29
2.66 9.07 15
19.66 18.64 49
11.63 2.81 13
4.10 9.44 13
1.72 16.10 43
7.21 2.10 1
3.63 15.92 4
12.82 16.70 35
9.10 15.94 37
12.20 18.13 43
14.83 17.84 30
13.52 14.96 34
0.78 3.71 30
39.20 30.95 25 17.91
15.88 15.17 24
32.12 22.36 4
31.14 6.82 27
37.05 4.43 4
13.60 10.38 14
31.14 13.61 43
22.33 28.65 31
31.06 30.65 38
1.02 19.14 4
21.26 20.08 14
6.95 0.80 24
32.35 23.76 27
30.47 25.98 17
31.12 9.31 37
17.08 30.13 19
32.82 28.63 19
30.81 19.12 50
37.01 14.43 45
27.50 10.67 6
18.06 18.38 23
18.24 16.24 15
10.40 6.23 22
9.85 5.95 12
25.73 6.31 24
31.39 26.33 38
46.31 7.50 32 27.67
44.26 5.68 2
46.00 5.68 30
23.40 4.85 40
34.92 1.99 31
3.60 0.05 27
29.42 5.65 11
34.75 4.79 18
17.64 5.24 47
44.50 4.10 2
41.96 0.31 26
44.15 4.40 19
33.78 0.19 5
16.31 6.36 16
41.15 6.00 11
40.81 3.57 42
46.10 1.50 33
38.43 3.01 24
20.08 5.54 36
42.63 4.49 41
44.60 2.01 50
46.24 6.86 30
42.83 6.53 4
8.47 5.71 6
9.37 2.20 27
33.64 0.24 31
6.83 0.72 32
16.17 3.63 11
5.27 6.29 27
23.67 4.83 27
2.45 4.01 36
7.52 5.47 45
26.67 3.44 0
33.96 42.93 44 13.49
25.30 36.41 3
1.24 32.03 12
8.09 7.05 6
25.78 38.63 47
2.29 10.12 29
5.58 24.08 32
15.56 27.71 47
20.55 15.78 23
0.87 25.83 26
14.24 1.00 34
14.62 5.60 40
14.62 8.79 29
5.52 12.07 30
2.89 11.64 27
12.13 1.89 9
33.05 40.44 46
2.81 2.31 49
21.90 36.41 10
20.32 40.74 47
29.93 35.81 46
3.35 2.13 16
31.90 33.29 46
14.61 9.88 40
25.84 20.27 26
9.45 2.84 3
30.37 6.97 38
19.49 30.85 32
11.25 15.16 7
28.13 6.90 12
10.98 33.76 10
5.70 12.93 24
0.28 0.27 12
31.42 33.23 12
6.29 35.66 35
12.19 15.86 5
26.70 19.12 31
7.23 5.97 49
21.56 5.37 16
17.86 28.03 18
20.38 28.95 43
5.55 34.65 36
2.15 0.28 36
24.34 27.88 34
22.43 21.11 32
46.19 33.29 8 25.93
40.68 9.71 19
31.22 15.07 38
12.23 11.48 24
22.76 22.56 28
34.79 26.42 31
31.07 5.21 42
29.43 15.87 43
31.92 24.49 44
13.88 3.40 25 0.93
10.75 2.64 44
6.47 3.16 42
6.30 1.66 11
2.29 1.60 28
0.77 1.55 39
10.76 0.52 20
1.11 3.32 34
11.97 1.29 33
3.47 3.24 46
12.42 0.98 19
3.45 0.79 47
10.00 0.32 21
3.96 3.18 27
1.13 1.87 10
8.24 1.52 2
4.11 1.00 7
12.47 2.32 4
2.82 1.68 20
9.94 2.16 47
4.39 2.62 48
4.20 0.63 40
8.05 1.97 44
3.67 1.33 45
2.76 0.58 28
6.80 0.08 6
43.88 7.00 45 25.59
38.16 5.56 17
19.62 3.92 38
6.26 6.19 11
35.81 5.77 50
17.82 3.34 26
1.70 1.81 21
11.86 0.68 22
38.60 2.26 32
19.30 1.85 40
35.59 2.41 44
34.91 6.33 7
12.31 5.21 3
15.00 1.28 29
42.61 3.15 42
41.67 4.49 15
1.41 6.44 2
19.00 6.49 5
15.99 0.97 3
27.53 2.69 20
43.17 2.36 24
20.44 4.15 21
33.69 2.60 43
28.31 5.13 2
17.58 5.81 10
36.43 5.34 25
26.58 1.83 29
23.98 6.94 41
40.35 3.92 27
25.22 2.54 30
41.36 1.87 30
22.12 2.13 25
25.43 2.93 1
28.62 6.69 17
35.96 0.37 25
1.14 0.31 42
4.72 6.30 20
12.09 3.81 11
35.59 1.54 16
24.65 1.93 45
21.99 6.56 36
28.78 5.29 0
35.74 1.44 5
29.80 6.03 49
6.74 4.37 39
38.25 6.82 37
42.04 2.94 26 20.73
37.73 1.25 24
33.30 1.79 44
14.95 0.02 6
11.49 2.18 47
15.97 1.26 5
18.52 0.82 13
9.41 0.21 23
25.87 0.53 9
11.97 1.81 27
39.53 1.01 3
39.26 2.17 44
20.67 2.73 6
21.79 2.35 22
23.26 2.64 10
16.04 2.76 4
19.84 2.04 25
23.09 2.73 24
38.02 2.15 3
8.37 0.61 49
39.98 1.92 8
23.82 2.57 31
40.94 2.22 0
24.16 1.41 41
14.16 2.91 36
27.44 1.67 13
12.68 0.29 26
