1
100.00 100.00 4001 0.01
99.98 0.02 100
0.01 50.00 1
0.01 49.98 3
0.02 50.00 1
0.02 49.99 3
0.03 50.00 1
0.03 49.98 3
0.04 50.00 1
0.04 49.99 3
0.05 50.00 1
0.05 49.98 3
0.06 50.00 1
0.06 49.99 3
0.07 50.00 1
0.07 49.98 3
0.08 50.00 1
0.08 49.99 3
0.09 50.00 1
0.09 49.98 3
0.10 50.00 1
0.10 49.99 3
0.11 50.00 1
0.11 49.98 3
0.12 50.00 1
0.12 49.99 3
0.13 50.00 1
0.13 49.98 3
0.14 50.00 1
0.14 49.99 3
0.15 50.00 1
0.15 49.98 3
0.16 50.00 1
0.16 49.99 3
0.17 50.00 1
0.17 49.98 3
0.18 50.00 1
0.18 49.99 3
0.19 50.00 1
0.19 49.98 3
0.20 50.00 1
0.20 49.99 3
0.21 50.00 1
0.21 49.98 3
0.22 50.00 1
0.22 49.99 3
0.23 50.00 1
0.23 49.98 3
0.24 50.00 1
0.24 49.99 3
0.25 50.00 1
0.25 49.98 3
0.26 50.00 1
0.26 49.99 3
0.27 50.00 1
0.27 49.98 3
0.28 50.00 1
0.28 49.99 3
0.29 50.00 1
0.29 49.98 3
0.30 50.00 1
0.30 49.99 3
0.31 50.00 1
0.31 49.98 3
0.32 50.00 1
0.32 49.99 3
0.33 50.00 1
0.33 49.98 3
0.34 50.00 1
0.34 49.99 3
0.35 50.00 1
0.35 49.98 3
0.36 50.00 1
0.36 49.99 3
0.37 50.00 1
0.37 49.98 3
0.38 50.00 1
0.38 49.99 3
0.39 50.00 1
0.39 49.98 3
0.40 50.00 1
0.40 49.99 3
0.41 50.00 1
0.41 49.98 3
0.42 50.00 1
0.42 49.99 3
0.43 50.00 1
0.43 49.98 3
0.44 50.00 1
0.44 49.99 3
0.45 50.00 1
0.45 49.98 3
0.46 50.00 1
0.46 49.99 3
0.47 50.00 1
0.47 49.98 3
0.48 50.00 1
0.48 49.99 3
0.49 50.00 1
0.49 49.98 3
0.50 50.00 1
0.50 49.99 3
0.51 50.00 1
0.51 49.98 3
0.52 50.00 1
0.52 49.99 3
0.53 50.00 1
0.53 49.98 3
0.54 50.00 1
0.54 49.99 3
0.55 50.00 1
0.55 49.98 3
0.56 50.00 1
0.56 49.99 3
0.57 50.00 1
0.57 49.98 3
0.58 50.00 1
0.58 49.99 3
0.59 50.00 1
0.59 49.98 3
0.60 50.00 1
0.60 49.99 3
0.61 50.00 1
0.61 49.98 3
0.62 50.00 1
0.62 49.99 3
0.63 50.00 1
0.63 49.98 3
0.64 50.00 1
0.64 49.99 3
0.65 50.00 1
0.65 49.98 3
0.66 50.00 1
0.66 49.99 3
0.67 50.00 1
0.67 49.98 3
0.68 50.00 1
0.68 49.99 3
0.69 50.00 1
0.69 49.98 3
0.70 50.00 1
0.70 49.99 3
0.71 50.00 1
0.71 49.98 3
0.72 50.00 1
0.72 49.99 3
0.73 50.00 1
0.73 49.98 3
0.74 50.00 1
0.74 49.99 3
0.75 50.00 1
0.75 49.98 3
0.76 50.00 1
0.76 49.99 3
0.77 50.00 1
0.77 49.98 3
0.78 50.00 1
0.78 49.99 3
0.79 50.00 1
0.79 49.98 3
0.80 50.00 1
0.80 49.99 3
0.81 50.00 1
0.81 49.98 3
0.82 50.00 1
0.82 49.99 3
0.83 50.00 1
0.83 49.98 3
0.84 50.00 1
0.84 49.99 3
0.85 50.00 1
0.85 49.98 3
0.86 50.00 1
0.86 49.99 3
0.87 50.00 1
0.87 49.98 3
0.88 50.00 1
0.88 49.99 3
0.89 50.00 1
0.89 49.98 3
0.90 50.00 1
0.90 49.99 3
0.91 50.00 1
0.91 49.98 3
0.92 50.00 1
0.92 49.99 3
0.93 50.00 1
0.93 49.98 3
0.94 50.00 1
0.94 49.99 3
0.95 50.00 1
0.95 49.98 3
0.96 50.00 1
0.96 49.99 3
0.97 50.00 1
0.97 49.98 3
0.98 50.00 1
0.98 49.99 3
0.99 50.00 1
0.99 49.98 3
1.00 50.00 1
1.00 49.99 3
1.01 50.00 1
1.01 49.98 3
1.02 50.00 1
1.02 49.99 3
1.03 50.00 1
1.03 49.98 3
1.04 50.00 1
1.04 49.99 3
1.05 50.00 1
1.05 49.98 3
1.06 50.00 1
1.06 49.99 3
1.07 50.00 1
1.07 49.98 3
1.08 50.00 1
1.08 49.99 3
1.09 50.00 1
1.09 49.98 3
1.10 50.00 1
1.10 49.99 3
1.11 50.00 1
1.11 49.98 3
1.12 50.00 1
1.12 49.99 3
1.13 50.00 1
1.13 49.98 3
1.14 50.00 1
1.14 49.99 3
1.15 50.00 1
1.15 49.98 3
1.16 50.00 1
1.16 49.99 3
1.17 50.00 1
1.17 49.98 3
1.18 50.00 1
1.18 49.99 3
1.19 50.00 1
1.19 49.98 3
1.20 50.00 1
1.20 49.99 3
1.21 50.00 1
1.21 49.98 3
1.22 50.00 1
1.22 49.99 3
1.23 50.00 1
1.23 49.98 3
1.24 50.00 1
1.24 49.99 3
1.25 50.00 1
1.25 49.98 3
1.26 50.00 1
1.26 49.99 3
1.27 50.00 1
1.27 49.98 3
1.28 50.00 1
1.28 49.99 3
1.29 50.00 1
1.29 49.98 3
1.30 50.00 1
1.30 49.99 3
1.31 50.00 1
1.31 49.98 3
1.32 50.00 1
1.32 49.99 3
1.33 50.00 1
1.33 49.98 3
1.34 50.00 1
1.34 49.99 3
1.35 50.00 1
1.35 49.98 3
1.36 50.00 1
1.36 49.99 3
1.37 50.00 1
1.37 49.98 3
1.38 50.00 1
1.38 49.99 3
1.39 50.00 1
1.39 49.98 3
1.40 50.00 1
1.40 49.99 3
1.41 50.00 1
1.41 49.98 3
1.42 50.00 1
1.42 49.99 3
1.43 50.00 1
1.43 49.98 3
1.44 50.00 1
1.44 49.99 3
1.45 50.00 1
1.45 49.98 3
1.46 50.00 1
1.46 49.99 3
1.47 50.00 1
1.47 49.98 3
1.48 50.00 1
1.48 49.99 3
1.49 50.00 1
1.49 49.98 3
1.50 50.00 1
1.50 49.99 3
1.51 50.00 1
1.51 49.98 3
1.52 50.00 1
1.52 49.99 3
1.53 50.00 1
1.53 49.98 3
1.54 50.00 1
1.54 49.99 3
1.55 50.00 1
1.55 49.98 3
1.56 50.00 1
1.56 49.99 3
1.57 50.00 1
1.57 49.98 3
1.58 50.00 1
1.58 49.99 3
1.59 50.00 1
1.59 49.98 3
1.60 50.00 1
1.60 49.99 3
1.61 50.00 1
1.61 49.98 3
1.62 50.00 1
1.62 49.99 3
1.63 50.00 1
1.63 49.98 3
1.64 50.00 1
1.64 49.99 3
1.65 50.00 1
1.65 49.98 3
1.66 50.00 1
1.66 49.99 3
1.67 50.00 1
1.67 49.98 3
1.68 50.00 1
1.68 49.99 3
1.69 50.00 1
1.69 49.98 3
1.70 50.00 1
1.70 49.99 3
1.71 50.00 1
1.71 49.98 3
1.72 50.00 1
1.72 49.99 3
1.73 50.00 1
1.73 49.98 3
1.74 50.00 1
1.74 49.99 3
1.75 50.00 1
1.75 49.98 3
1.76 50.00 1
1.76 49.99 3
1.77 50.00 1
1.77 49.98 3
1.78 50.00 1
1.78 49.99 3
1.79 50.00 1
1.79 49.98 3
1.80 50.00 1
1.80 49.99 3
1.81 50.00 1
1.81 49.98 3
1.82 50.00 1
1.82 49.99 3
1.83 50.00 1
1.83 49.98 3
1.84 50.00 1
1.84 49.99 3
1.85 50.00 1
1.85 49.98 3
1.86 50.00 1
1.86 49.99 3
1.87 50.00 1
1.87 49.98 3
1.88 50.00 1
1.88 49.99 3
1.89 50.00 1
1.89 49.98 3
1.90 50.00 1
1.90 49.99 3
1.91 50.00 1
1.91 49.98 3
1.92 50.00 1
1.92 49.99 3
1.93 50.00 1
1.93 49.98 3
1.94 50.00 1
1.94 49.99 3
1.95 50.00 1
1.95 49.98 3
1.96 50.00 1
1.96 49.99 3
1.97 50.00 1
1.97 49.98 3
1.98 50.00 1
1.98 49.99 3
1.99 50.00 1
1.99 49.98 3
2.00 50.00 1
2.00 49.99 3
2.01 50.00 1
2.01 49.98 3
2.02 50.00 1
2.02 49.99 3
2.03 50.00 1
2.03 49.98 3
2.04 50.00 1
2.04 49.99 3
2.05 50.00 1
2.05 49.98 3
2.06 50.00 1
2.06 49.99 3
2.07 50.00 1
2.07 49.98 3
2.08 50.00 1
2.08 49.99 3
2.09 50.00 1
2.09 49.98 3
2.10 50.00 1
2.10 49.99 3
2.11 50.00 1
2.11 49.98 3
2.12 50.00 1
2.12 49.99 3
2.13 50.00 1
2.13 49.98 3
2.14 50.00 1
2.14 49.99 3
2.15 50.00 1
2.15 49.98 3
2.16 50.00 1
2.16 49.99 3
2.17 50.00 1
2.17 49.98 3
2.18 50.00 1
2.18 49.99 3
2.19 50.00 1
2.19 49.98 3
2.20 50.00 1
2.20 49.99 3
2.21 50.00 1
2.21 49.98 3
2.22 50.00 1
2.22 49.99 3
2.23 50.00 1
2.23 49.98 3
2.24 50.00 1
2.24 49.99 3
2.25 50.00 1
2.25 49.98 3
2.26 50.00 1
2.26 49.99 3
2.27 50.00 1
2.27 49.98 3
2.28 50.00 1
2.28 49.99 3
2.29 50.00 1
2.29 49.98 3
2.30 50.00 1
2.30 49.99 3
2.31 50.00 1
2.31 49.98 3
2.32 50.00 1
2.32 49.99 3
2.33 50.00 1
2.33 49.98 3
2.34 50.00 1
2.34 49.99 3
2.35 50.00 1
2.35 49.98 3
2.36 50.00 1
2.36 49.99 3
2.37 50.00 1
2.37 49.98 3
2.38 50.00 1
2.38 49.99 3
2.39 50.00 1
2.39 49.98 3
2.40 50.00 1
2.40 49.99 3
2.41 50.00 1
2.41 49.98 3
2.42 50.00 1
2.42 49.99 3
2.43 50.00 1
2.43 49.98 3
2.44 50.00 1
2.44 49.99 3
2.45 50.00 1
2.45 49.98 3
2.46 50.00 1
2.46 49.99 3
2.47 50.00 1
2.47 49.98 3
2.48 50.00 1
2.48 49.99 3
2.49 50.00 1
2.49 49.98 3
2.50 50.00 1
2.50 49.99 3
2.51 50.00 1
2.51 49.98 3
2.52 50.00 1
2.52 49.99 3
2.53 50.00 1
2.53 49.98 3
2.54 50.00 1
2.54 49.99 3
2.55 50.00 1
2.55 49.98 3
2.56 50.00 1
2.56 49.99 3
2.57 50.00 1
2.57 49.98 3
2.58 50.00 1
2.58 49.99 3
2.59 50.00 1
2.59 49.98 3
2.60 50.00 1
2.60 49.99 3
2.61 50.00 1
2.61 49.98 3
2.62 50.00 1
2.62 49.99 3
2.63 50.00 1
2.63 49.98 3
2.64 50.00 1
2.64 49.99 3
2.65 50.00 1
2.65 49.98 3
2.66 50.00 1
2.66 49.99 3
2.67 50.00 1
2.67 49.98 3
2.68 50.00 1
2.68 49.99 3
2.69 50.00 1
2.69 49.98 3
2.70 50.00 1
2.70 49.99 3
2.71 50.00 1
2.71 49.98 3
2.72 50.00 1
2.72 49.99 3
2.73 50.00 1
2.73 49.98 3
2.74 50.00 1
2.74 49.99 3
2.75 50.00 1
2.75 49.98 3
2.76 50.00 1
2.76 49.99 3
2.77 50.00 1
2.77 49.98 3
2.78 50.00 1
2.78 49.99 3
2.79 50.00 1
2.79 49.98 3
2.80 50.00 1
2.80 49.99 3
2.81 50.00 1
2.81 49.98 3
2.82 50.00 1
2.82 49.99 3
2.83 50.00 1
2.83 49.98 3
2.84 50.00 1
2.84 49.99 3
2.85 50.00 1
2.85 49.98 3
2.86 50.00 1
2.86 49.99 3
2.87 50.00 1
2.87 49.98 3
2.88 50.00 1
2.88 49.99 3
2.89 50.00 1
2.89 49.98 3
2.90 50.00 1
2.90 49.99 3
2.91 50.00 1
2.91 49.98 3
2.92 50.00 1
2.92 49.99 3
2.93 50.00 1
2.93 49.98 3
2.94 50.00 1
2.94 49.99 3
2.95 50.00 1
2.95 49.98 3
2.96 50.00 1
2.96 49.99 3
2.97 50.00 1
2.97 49.98 3
2.98 50.00 1
2.98 49.99 3
2.99 50.00 1
2.99 49.98 3
3.00 50.00 1
3.00 49.99 3
3.01 50.00 1
3.01 49.98 3
3.02 50.00 1
3.02 49.99 3
3.03 50.00 1
3.03 49.98 3
3.04 50.00 1
3.04 49.99 3
3.05 50.00 1
3.05 49.98 3
3.06 50.00 1
3.06 49.99 3
3.07 50.00 1
3.07 49.98 3
3.08 50.00 1
3.08 49.99 3
3.09 50.00 1
3.09 49.98 3
3.10 50.00 1
3.10 49.99 3
3.11 50.00 1
3.11 49.98 3
3.12 50.00 1
3.12 49.99 3
3.13 50.00 1
3.13 49.98 3
3.14 50.00 1
3.14 49.99 3
3.15 50.00 1
3.15 49.98 3
3.16 50.00 1
3.16 49.99 3
3.17 50.00 1
3.17 49.98 3
3.18 50.00 1
3.18 49.99 3
3.19 50.00 1
3.19 49.98 3
3.20 50.00 1
3.20 49.99 3
3.21 50.00 1
3.21 49.98 3
3.22 50.00 1
3.22 49.99 3
3.23 50.00 1
3.23 49.98 3
3.24 50.00 1
3.24 49.99 3
3.25 50.00 1
3.25 49.98 3
3.26 50.00 1
3.26 49.99 3
3.27 50.00 1
3.27 49.98 3
3.28 50.00 1
3.28 49.99 3
3.29 50.00 1
3.29 49.98 3
3.30 50.00 1
3.30 49.99 3
3.31 50.00 1
3.31 49.98 3
3.32 50.00 1
3.32 49.99 3
3.33 50.00 1
3.33 49.98 3
3.34 50.00 1
3.34 49.99 3
3.35 50.00 1
3.35 49.98 3
3.36 50.00 1
3.36 49.99 3
3.37 50.00 1
3.37 49.98 3
3.38 50.00 1
3.38 49.99 3
3.39 50.00 1
3.39 49.98 3
3.40 50.00 1
3.40 49.99 3
3.41 50.00 1
3.41 49.98 3
3.42 50.00 1
3.42 49.99 3
3.43 50.00 1
3.43 49.98 3
3.44 50.00 1
3.44 49.99 3
3.45 50.00 1
3.45 49.98 3
3.46 50.00 1
3.46 49.99 3
3.47 50.00 1
3.47 49.98 3
3.48 50.00 1
3.48 49.99 3
3.49 50.00 1
3.49 49.98 3
3.50 50.00 1
3.50 49.99 3
3.51 50.00 1
3.51 49.98 3
3.52 50.00 1
3.52 49.99 3
3.53 50.00 1
3.53 49.98 3
3.54 50.00 1
3.54 49.99 3
3.55 50.00 1
3.55 49.98 3
3.56 50.00 1
3.56 49.99 3
3.57 50.00 1
3.57 49.98 3
3.58 50.00 1
3.58 49.99 3
3.59 50.00 1
3.59 49.98 3
3.60 50.00 1
3.60 49.99 3
3.61 50.00 1
3.61 49.98 3
3.62 50.00 1
3.62 49.99 3
3.63 50.00 1
3.63 49.98 3
3.64 50.00 1
3.64 49.99 3
3.65 50.00 1
3.65 49.98 3
3.66 50.00 1
3.66 49.99 3
3.67 50.00 1
3.67 49.98 3
3.68 50.00 1
3.68 49.99 3
3.69 50.00 1
3.69 49.98 3
3.70 50.00 1
3.70 49.99 3
3.71 50.00 1
3.71 49.98 3
3.72 50.00 1
3.72 49.99 3
3.73 50.00 1
3.73 49.98 3
3.74 50.00 1
3.74 49.99 3
3.75 50.00 1
3.75 49.98 3
3.76 50.00 1
3.76 49.99 3
3.77 50.00 1
3.77 49.98 3
3.78 50.00 1
3.78 49.99 3
3.79 50.00 1
3.79 49.98 3
3.80 50.00 1
3.80 49.99 3
3.81 50.00 1
3.81 49.98 3
3.82 50.00 1
3.82 49.99 3
3.83 50.00 1
3.83 49.98 3
3.84 50.00 1
3.84 49.99 3
3.85 50.00 1
3.85 49.98 3
3.86 50.00 1
3.86 49.99 3
3.87 50.00 1
3.87 49.98 3
3.88 50.00 1
3.88 49.99 3
3.89 50.00 1
3.89 49.98 3
3.90 50.00 1
3.90 49.99 3
3.91 50.00 1
3.91 49.98 3
3.92 50.00 1
3.92 49.99 3
3.93 50.00 1
3.93 49.98 3
3.94 50.00 1
3.94 49.99 3
3.95 50.00 1
3.95 49.98 3
3.96 50.00 1
3.96 49.99 3
3.97 50.00 1
3.97 49.98 3
3.98 50.00 1
3.98 49.99 3
3.99 50.00 1
3.99 49.98 3
4.00 50.00 1
4.00 49.99 3
4.01 50.00 1
4.01 49.98 3
4.02 50.00 1
4.02 49.99 3
4.03 50.00 1
4.03 49.98 3
4.04 50.00 1
4.04 49.99 3
4.05 50.00 1
4.05 49.98 3
4.06 50.00 1
4.06 49.99 3
4.07 50.00 1
4.07 49.98 3
4.08 50.00 1
4.08 49.99 3
4.09 50.00 1
4.09 49.98 3
4.10 50.00 1
4.10 49.99 3
4.11 50.00 1
4.11 49.98 3
4.12 50.00 1
4.12 49.99 3
4.13 50.00 1
4.13 49.98 3
4.14 50.00 1
4.14 49.99 3
4.15 50.00 1
4.15 49.98 3
4.16 50.00 1
4.16 49.99 3
4.17 50.00 1
4.17 49.98 3
4.18 50.00 1
4.18 49.99 3
4.19 50.00 1
4.19 49.98 3
4.20 50.00 1
4.20 49.99 3
4.21 50.00 1
4.21 49.98 3
4.22 50.00 1
4.22 49.99 3
4.23 50.00 1
4.23 49.98 3
4.24 50.00 1
4.24 49.99 3
4.25 50.00 1
4.25 49.98 3
4.26 50.00 1
4.26 49.99 3
4.27 50.00 1
4.27 49.98 3
4.28 50.00 1
4.28 49.99 3
4.29 50.00 1
4.29 49.98 3
4.30 50.00 1
4.30 49.99 3
4.31 50.00 1
4.31 49.98 3
4.32 50.00 1
4.32 49.99 3
4.33 50.00 1
4.33 49.98 3
4.34 50.00 1
4.34 49.99 3
4.35 50.00 1
4.35 49.98 3
4.36 50.00 1
4.36 49.99 3
4.37 50.00 1
4.37 49.98 3
4.38 50.00 1
4.38 49.99 3
4.39 50.00 1
4.39 49.98 3
4.40 50.00 1
4.40 49.99 3
4.41 50.00 1
4.41 49.98 3
4.42 50.00 1
4.42 49.99 3
4.43 50.00 1
4.43 49.98 3
4.44 50.00 1
4.44 49.99 3
4.45 50.00 1
4.45 49.98 3
4.46 50.00 1
4.46 49.99 3
4.47 50.00 1
4.47 49.98 3
4.48 50.00 1
4.48 49.99 3
4.49 50.00 1
4.49 49.98 3
4.50 50.00 1
4.50 49.99 3
4.51 50.00 1
4.51 49.98 3
4.52 50.00 1
4.52 49.99 3
4.53 50.00 1
4.53 49.98 3
4.54 50.00 1
4.54 49.99 3
4.55 50.00 1
4.55 49.98 3
4.56 50.00 1
4.56 49.99 3
4.57 50.00 1
4.57 49.98 3
4.58 50.00 1
4.58 49.99 3
4.59 50.00 1
4.59 49.98 3
4.60 50.00 1
4.60 49.99 3
4.61 50.00 1
4.61 49.98 3
4.62 50.00 1
4.62 49.99 3
4.63 50.00 1
4.63 49.98 3
4.64 50.00 1
4.64 49.99 3
4.65 50.00 1
4.65 49.98 3
4.66 50.00 1
4.66 49.99 3
4.67 50.00 1
4.67 49.98 3
4.68 50.00 1
4.68 49.99 3
4.69 50.00 1
4.69 49.98 3
4.70 50.00 1
4.70 49.99 3
4.71 50.00 1
4.71 49.98 3
4.72 50.00 1
4.72 49.99 3
4.73 50.00 1
4.73 49.98 3
4.74 50.00 1
4.74 49.99 3
4.75 50.00 1
4.75 49.98 3
4.76 50.00 1
4.76 49.99 3
4.77 50.00 1
4.77 49.98 3
4.78 50.00 1
4.78 49.99 3
4.79 50.00 1
4.79 49.98 3
4.80 50.00 1
4.80 49.99 3
4.81 50.00 1
4.81 49.98 3
4.82 50.00 1
4.82 49.99 3
4.83 50.00 1
4.83 49.98 3
4.84 50.00 1
4.84 49.99 3
4.85 50.00 1
4.85 49.98 3
4.86 50.00 1
4.86 49.99 3
4.87 50.00 1
4.87 49.98 3
4.88 50.00 1
4.88 49.99 3
4.89 50.00 1
4.89 49.98 3
4.90 50.00 1
4.90 49.99 3
4.91 50.00 1
4.91 49.98 3
4.92 50.00 1
4.92 49.99 3
4.93 50.00 1
4.93 49.98 3
4.94 50.00 1
4.94 49.99 3
4.95 50.00 1
4.95 49.98 3
4.96 50.00 1
4.96 49.99 3
4.97 50.00 1
4.97 49.98 3
4.98 50.00 1
4.98 49.99 3
4.99 50.00 1
4.99 49.98 3
5.00 50.00 1
5.00 49.99 3
5.01 50.00 1
5.01 49.98 3
5.02 50.00 1
5.02 49.99 3
5.03 50.00 1
5.03 49.98 3
5.04 50.00 1
5.04 49.99 3
5.05 50.00 1
5.05 49.98 3
5.06 50.00 1
5.06 49.99 3
5.07 50.00 1
5.07 49.98 3
5.08 50.00 1
5.08 49.99 3
5.09 50.00 1
5.09 49.98 3
5.10 50.00 1
5.10 49.99 3
5.11 50.00 1
5.11 49.98 3
5.12 50.00 1
5.12 49.99 3
5.13 50.00 1
5.13 49.98 3
5.14 50.00 1
5.14 49.99 3
5.15 50.00 1
5.15 49.98 3
5.16 50.00 1
5.16 49.99 3
5.17 50.00 1
5.17 49.98 3
5.18 50.00 1
5.18 49.99 3
5.19 50.00 1
5.19 49.98 3
5.20 50.00 1
5.20 49.99 3
5.21 50.00 1
5.21 49.98 3
5.22 50.00 1
5.22 49.99 3
5.23 50.00 1
5.23 49.98 3
5.24 50.00 1
5.24 49.99 3
5.25 50.00 1
5.25 49.98 3
5.26 50.00 1
5.26 49.99 3
5.27 50.00 1
5.27 49.98 3
5.28 50.00 1
5.28 49.99 3
5.29 50.00 1
5.29 49.98 3
5.30 50.00 1
5.30 49.99 3
5.31 50.00 1
5.31 49.98 3
5.32 50.00 1
5.32 49.99 3
5.33 50.00 1
5.33 49.98 3
5.34 50.00 1
5.34 49.99 3
5.35 50.00 1
5.35 49.98 3
5.36 50.00 1
5.36 49.99 3
5.37 50.00 1
5.37 49.98 3
5.38 50.00 1
5.38 49.99 3
5.39 50.00 1
5.39 49.98 3
5.40 50.00 1
5.40 49.99 3
5.41 50.00 1
5.41 49.98 3
5.42 50.00 1
5.42 49.99 3
5.43 50.00 1
5.43 49.98 3
5.44 50.00 1
5.44 49.99 3
5.45 50.00 1
5.45 49.98 3
5.46 50.00 1
5.46 49.99 3
5.47 50.00 1
5.47 49.98 3
5.48 50.00 1
5.48 49.99 3
5.49 50.00 1
5.49 49.98 3
5.50 50.00 1
5.50 49.99 3
5.51 50.00 1
5.51 49.98 3
5.52 50.00 1
5.52 49.99 3
5.53 50.00 1
5.53 49.98 3
5.54 50.00 1
5.54 49.99 3
5.55 50.00 1
5.55 49.98 3
5.56 50.00 1
5.56 49.99 3
5.57 50.00 1
5.57 49.98 3
5.58 50.00 1
5.58 49.99 3
5.59 50.00 1
5.59 49.98 3
5.60 50.00 1
5.60 49.99 3
5.61 50.00 1
5.61 49.98 3
5.62 50.00 1
5.62 49.99 3
5.63 50.00 1
5.63 49.98 3
5.64 50.00 1
5.64 49.99 3
5.65 50.00 1
5.65 49.98 3
5.66 50.00 1
5.66 49.99 3
5.67 50.00 1
5.67 49.98 3
5.68 50.00 1
5.68 49.99 3
5.69 50.00 1
5.69 49.98 3
5.70 50.00 1
5.70 49.99 3
5.71 50.00 1
5.71 49.98 3
5.72 50.00 1
5.72 49.99 3
5.73 50.00 1
5.73 49.98 3
5.74 50.00 1
5.74 49.99 3
5.75 50.00 1
5.75 49.98 3
5.76 50.00 1
5.76 49.99 3
5.77 50.00 1
5.77 49.98 3
5.78 50.00 1
5.78 49.99 3
5.79 50.00 1
5.79 49.98 3
5.80 50.00 1
5.80 49.99 3
5.81 50.00 1
5.81 49.98 3
5.82 50.00 1
5.82 49.99 3
5.83 50.00 1
5.83 49.98 3
5.84 50.00 1
5.84 49.99 3
5.85 50.00 1
5.85 49.98 3
5.86 50.00 1
5.86 49.99 3
5.87 50.00 1
5.87 49.98 3
5.88 50.00 1
5.88 49.99 3
5.89 50.00 1
5.89 49.98 3
5.90 50.00 1
5.90 49.99 3
5.91 50.00 1
5.91 49.98 3
5.92 50.00 1
5.92 49.99 3
5.93 50.00 1
5.93 49.98 3
5.94 50.00 1
5.94 49.99 3
5.95 50.00 1
5.95 49.98 3
5.96 50.00 1
5.96 49.99 3
5.97 50.00 1
5.97 49.98 3
5.98 50.00 1
5.98 49.99 3
5.99 50.00 1
5.99 49.98 3
6.00 50.00 1
6.00 49.99 3
6.01 50.00 1
6.01 49.98 3
6.02 50.00 1
6.02 49.99 3
6.03 50.00 1
6.03 49.98 3
6.04 50.00 1
6.04 49.99 3
6.05 50.00 1
6.05 49.98 3
6.06 50.00 1
6.06 49.99 3
6.07 50.00 1
6.07 49.98 3
6.08 50.00 1
6.08 49.99 3
6.09 50.00 1
6.09 49.98 3
6.10 50.00 1
6.10 49.99 3
6.11 50.00 1
6.11 49.98 3
6.12 50.00 1
6.12 49.99 3
6.13 50.00 1
6.13 49.98 3
6.14 50.00 1
6.14 49.99 3
6.15 50.00 1
6.15 49.98 3
6.16 50.00 1
6.16 49.99 3
6.17 50.00 1
6.17 49.98 3
6.18 50.00 1
6.18 49.99 3
6.19 50.00 1
6.19 49.98 3
6.20 50.00 1
6.20 49.99 3
6.21 50.00 1
6.21 49.98 3
6.22 50.00 1
6.22 49.99 3
6.23 50.00 1
6.23 49.98 3
6.24 50.00 1
6.24 49.99 3
6.25 50.00 1
6.25 49.98 3
6.26 50.00 1
6.26 49.99 3
6.27 50.00 1
6.27 49.98 3
6.28 50.00 1
6.28 49.99 3
6.29 50.00 1
6.29 49.98 3
6.30 50.00 1
6.30 49.99 3
6.31 50.00 1
6.31 49.98 3
6.32 50.00 1
6.32 49.99 3
6.33 50.00 1
6.33 49.98 3
6.34 50.00 1
6.34 49.99 3
6.35 50.00 1
6.35 49.98 3
6.36 50.00 1
6.36 49.99 3
6.37 50.00 1
6.37 49.98 3
6.38 50.00 1
6.38 49.99 3
6.39 50.00 1
6.39 49.98 3
6.40 50.00 1
6.40 49.99 3
6.41 50.00 1
6.41 49.98 3
6.42 50.00 1
6.42 49.99 3
6.43 50.00 1
6.43 49.98 3
6.44 50.00 1
6.44 49.99 3
6.45 50.00 1
6.45 49.98 3
6.46 50.00 1
6.46 49.99 3
6.47 50.00 1
6.47 49.98 3
6.48 50.00 1
6.48 49.99 3
6.49 50.00 1
6.49 49.98 3
6.50 50.00 1
6.50 49.99 3
6.51 50.00 1
6.51 49.98 3
6.52 50.00 1
6.52 49.99 3
6.53 50.00 1
6.53 49.98 3
6.54 50.00 1
6.54 49.99 3
6.55 50.00 1
6.55 49.98 3
6.56 50.00 1
6.56 49.99 3
6.57 50.00 1
6.57 49.98 3
6.58 50.00 1
6.58 49.99 3
6.59 50.00 1
6.59 49.98 3
6.60 50.00 1
6.60 49.99 3
6.61 50.00 1
6.61 49.98 3
6.62 50.00 1
6.62 49.99 3
6.63 50.00 1
6.63 49.98 3
6.64 50.00 1
6.64 49.99 3
6.65 50.00 1
6.65 49.98 3
6.66 50.00 1
6.66 49.99 3
6.67 50.00 1
6.67 49.98 3
6.68 50.00 1
6.68 49.99 3
6.69 50.00 1
6.69 49.98 3
6.70 50.00 1
6.70 49.99 3
6.71 50.00 1
6.71 49.98 3
6.72 50.00 1
6.72 49.99 3
6.73 50.00 1
6.73 49.98 3
6.74 50.00 1
6.74 49.99 3
6.75 50.00 1
6.75 49.98 3
6.76 50.00 1
6.76 49.99 3
6.77 50.00 1
6.77 49.98 3
6.78 50.00 1
6.78 49.99 3
6.79 50.00 1
6.79 49.98 3
6.80 50.00 1
6.80 49.99 3
6.81 50.00 1
6.81 49.98 3
6.82 50.00 1
6.82 49.99 3
6.83 50.00 1
6.83 49.98 3
6.84 50.00 1
6.84 49.99 3
6.85 50.00 1
6.85 49.98 3
6.86 50.00 1
6.86 49.99 3
6.87 50.00 1
6.87 49.98 3
6.88 50.00 1
6.88 49.99 3
6.89 50.00 1
6.89 49.98 3
6.90 50.00 1
6.90 49.99 3
6.91 50.00 1
6.91 49.98 3
6.92 50.00 1
6.92 49.99 3
6.93 50.00 1
6.93 49.98 3
6.94 50.00 1
6.94 49.99 3
6.95 50.00 1
6.95 49.98 3
6.96 50.00 1
6.96 49.99 3
6.97 50.00 1
6.97 49.98 3
6.98 50.00 1
6.98 49.99 3
6.99 50.00 1
6.99 49.98 3
7.00 50.00 1
7.00 49.99 3
7.01 50.00 1
7.01 49.98 3
7.02 50.00 1
7.02 49.99 3
7.03 50.00 1
7.03 49.98 3
7.04 50.00 1
7.04 49.99 3
7.05 50.00 1
7.05 49.98 3
7.06 50.00 1
7.06 49.99 3
7.07 50.00 1
7.07 49.98 3
7.08 50.00 1
7.08 49.99 3
7.09 50.00 1
7.09 49.98 3
7.10 50.00 1
7.10 49.99 3
7.11 50.00 1
7.11 49.98 3
7.12 50.00 1
7.12 49.99 3
7.13 50.00 1
7.13 49.98 3
7.14 50.00 1
7.14 49.99 3
7.15 50.00 1
7.15 49.98 3
7.16 50.00 1
7.16 49.99 3
7.17 50.00 1
7.17 49.98 3
7.18 50.00 1
7.18 49.99 3
7.19 50.00 1
7.19 49.98 3
7.20 50.00 1
7.20 49.99 3
7.21 50.00 1
7.21 49.98 3
7.22 50.00 1
7.22 49.99 3
7.23 50.00 1
7.23 49.98 3
7.24 50.00 1
7.24 49.99 3
7.25 50.00 1
7.25 49.98 3
7.26 50.00 1
7.26 49.99 3
7.27 50.00 1
7.27 49.98 3
7.28 50.00 1
7.28 49.99 3
7.29 50.00 1
7.29 49.98 3
7.30 50.00 1
7.30 49.99 3
7.31 50.00 1
7.31 49.98 3
7.32 50.00 1
7.32 49.99 3
7.33 50.00 1
7.33 49.98 3
7.34 50.00 1
7.34 49.99 3
7.35 50.00 1
7.35 49.98 3
7.36 50.00 1
7.36 49.99 3
7.37 50.00 1
7.37 49.98 3
7.38 50.00 1
7.38 49.99 3
7.39 50.00 1
7.39 49.98 3
7.40 50.00 1
7.40 49.99 3
7.41 50.00 1
7.41 49.98 3
7.42 50.00 1
7.42 49.99 3
7.43 50.00 1
7.43 49.98 3
7.44 50.00 1
7.44 49.99 3
7.45 50.00 1
7.45 49.98 3
7.46 50.00 1
7.46 49.99 3
7.47 50.00 1
7.47 49.98 3
7.48 50.00 1
7.48 49.99 3
7.49 50.00 1
7.49 49.98 3
7.50 50.00 1
7.50 49.99 3
7.51 50.00 1
7.51 49.98 3
7.52 50.00 1
7.52 49.99 3
7.53 50.00 1
7.53 49.98 3
7.54 50.00 1
7.54 49.99 3
7.55 50.00 1
7.55 49.98 3
7.56 50.00 1
7.56 49.99 3
7.57 50.00 1
7.57 49.98 3
7.58 50.00 1
7.58 49.99 3
7.59 50.00 1
7.59 49.98 3
7.60 50.00 1
7.60 49.99 3
7.61 50.00 1
7.61 49.98 3
7.62 50.00 1
7.62 49.99 3
7.63 50.00 1
7.63 49.98 3
7.64 50.00 1
7.64 49.99 3
7.65 50.00 1
7.65 49.98 3
7.66 50.00 1
7.66 49.99 3
7.67 50.00 1
7.67 49.98 3
7.68 50.00 1
7.68 49.99 3
7.69 50.00 1
7.69 49.98 3
7.70 50.00 1
7.70 49.99 3
7.71 50.00 1
7.71 49.98 3
7.72 50.00 1
7.72 49.99 3
7.73 50.00 1
7.73 49.98 3
7.74 50.00 1
7.74 49.99 3
7.75 50.00 1
7.75 49.98 3
7.76 50.00 1
7.76 49.99 3
7.77 50.00 1
7.77 49.98 3
7.78 50.00 1
7.78 49.99 3
7.79 50.00 1
7.79 49.98 3
7.80 50.00 1
7.80 49.99 3
7.81 50.00 1
7.81 49.98 3
7.82 50.00 1
7.82 49.99 3
7.83 50.00 1
7.83 49.98 3
7.84 50.00 1
7.84 49.99 3
7.85 50.00 1
7.85 49.98 3
7.86 50.00 1
7.86 49.99 3
7.87 50.00 1
7.87 49.98 3
7.88 50.00 1
7.88 49.99 3
7.89 50.00 1
7.89 49.98 3
7.90 50.00 1
7.90 49.99 3
7.91 50.00 1
7.91 49.98 3
7.92 50.00 1
7.92 49.99 3
7.93 50.00 1
7.93 49.98 3
7.94 50.00 1
7.94 49.99 3
7.95 50.00 1
7.95 49.98 3
7.96 50.00 1
7.96 49.99 3
7.97 50.00 1
7.97 49.98 3
7.98 50.00 1
7.98 49.99 3
7.99 50.00 1
7.99 49.98 3
8.00 50.00 1
8.00 49.99 3
8.01 50.00 1
8.01 49.98 3
8.02 50.00 1
8.02 49.99 3
8.03 50.00 1
8.03 49.98 3
8.04 50.00 1
8.04 49.99 3
8.05 50.00 1
8.05 49.98 3
8.06 50.00 1
8.06 49.99 3
8.07 50.00 1
8.07 49.98 3
8.08 50.00 1
8.08 49.99 3
8.09 50.00 1
8.09 49.98 3
8.10 50.00 1
8.10 49.99 3
8.11 50.00 1
8.11 49.98 3
8.12 50.00 1
8.12 49.99 3
8.13 50.00 1
8.13 49.98 3
8.14 50.00 1
8.14 49.99 3
8.15 50.00 1
8.15 49.98 3
8.16 50.00 1
8.16 49.99 3
8.17 50.00 1
8.17 49.98 3
8.18 50.00 1
8.18 49.99 3
8.19 50.00 1
8.19 49.98 3
8.20 50.00 1
8.20 49.99 3
8.21 50.00 1
8.21 49.98 3
8.22 50.00 1
8.22 49.99 3
8.23 50.00 1
8.23 49.98 3
8.24 50.00 1
8.24 49.99 3
8.25 50.00 1
8.25 49.98 3
8.26 50.00 1
8.26 49.99 3
8.27 50.00 1
8.27 49.98 3
8.28 50.00 1
8.28 49.99 3
8.29 50.00 1
8.29 49.98 3
8.30 50.00 1
8.30 49.99 3
8.31 50.00 1
8.31 49.98 3
8.32 50.00 1
8.32 49.99 3
8.33 50.00 1
8.33 49.98 3
8.34 50.00 1
8.34 49.99 3
8.35 50.00 1
8.35 49.98 3
8.36 50.00 1
8.36 49.99 3
8.37 50.00 1
8.37 49.98 3
8.38 50.00 1
8.38 49.99 3
8.39 50.00 1
8.39 49.98 3
8.40 50.00 1
8.40 49.99 3
8.41 50.00 1
8.41 49.98 3
8.42 50.00 1
8.42 49.99 3
8.43 50.00 1
8.43 49.98 3
8.44 50.00 1
8.44 49.99 3
8.45 50.00 1
8.45 49.98 3
8.46 50.00 1
8.46 49.99 3
8.47 50.00 1
8.47 49.98 3
8.48 50.00 1
8.48 49.99 3
8.49 50.00 1
8.49 49.98 3
8.50 50.00 1
8.50 49.99 3
8.51 50.00 1
8.51 49.98 3
8.52 50.00 1
8.52 49.99 3
8.53 50.00 1
8.53 49.98 3
8.54 50.00 1
8.54 49.99 3
8.55 50.00 1
8.55 49.98 3
8.56 50.00 1
8.56 49.99 3
8.57 50.00 1
8.57 49.98 3
8.58 50.00 1
8.58 49.99 3
8.59 50.00 1
8.59 49.98 3
8.60 50.00 1
8.60 49.99 3
8.61 50.00 1
8.61 49.98 3
8.62 50.00 1
8.62 49.99 3
8.63 50.00 1
8.63 49.98 3
8.64 50.00 1
8.64 49.99 3
8.65 50.00 1
8.65 49.98 3
8.66 50.00 1
8.66 49.99 3
8.67 50.00 1
8.67 49.98 3
8.68 50.00 1
8.68 49.99 3
8.69 50.00 1
8.69 49.98 3
8.70 50.00 1
8.70 49.99 3
8.71 50.00 1
8.71 49.98 3
8.72 50.00 1
8.72 49.99 3
8.73 50.00 1
8.73 49.98 3
8.74 50.00 1
8.74 49.99 3
8.75 50.00 1
8.75 49.98 3
8.76 50.00 1
8.76 49.99 3
8.77 50.00 1
8.77 49.98 3
8.78 50.00 1
8.78 49.99 3
8.79 50.00 1
8.79 49.98 3
8.80 50.00 1
8.80 49.99 3
8.81 50.00 1
8.81 49.98 3
8.82 50.00 1
8.82 49.99 3
8.83 50.00 1
8.83 49.98 3
8.84 50.00 1
8.84 49.99 3
8.85 50.00 1
8.85 49.98 3
8.86 50.00 1
8.86 49.99 3
8.87 50.00 1
8.87 49.98 3
8.88 50.00 1
8.88 49.99 3
8.89 50.00 1
8.89 49.98 3
8.90 50.00 1
8.90 49.99 3
8.91 50.00 1
8.91 49.98 3
8.92 50.00 1
8.92 49.99 3
8.93 50.00 1
8.93 49.98 3
8.94 50.00 1
8.94 49.99 3
8.95 50.00 1
8.95 49.98 3
8.96 50.00 1
8.96 49.99 3
8.97 50.00 1
8.97 49.98 3
8.98 50.00 1
8.98 49.99 3
8.99 50.00 1
8.99 49.98 3
9.00 50.00 1
9.00 49.99 3
9.01 50.00 1
9.01 49.98 3
9.02 50.00 1
9.02 49.99 3
9.03 50.00 1
9.03 49.98 3
9.04 50.00 1
9.04 49.99 3
9.05 50.00 1
9.05 49.98 3
9.06 50.00 1
9.06 49.99 3
9.07 50.00 1
9.07 49.98 3
9.08 50.00 1
9.08 49.99 3
9.09 50.00 1
9.09 49.98 3
9.10 50.00 1
9.10 49.99 3
9.11 50.00 1
9.11 49.98 3
9.12 50.00 1
9.12 49.99 3
9.13 50.00 1
9.13 49.98 3
9.14 50.00 1
9.14 49.99 3
9.15 50.00 1
9.15 49.98 3
9.16 50.00 1
9.16 49.99 3
9.17 50.00 1
9.17 49.98 3
9.18 50.00 1
9.18 49.99 3
9.19 50.00 1
9.19 49.98 3
9.20 50.00 1
9.20 49.99 3
9.21 50.00 1
9.21 49.98 3
9.22 50.00 1
9.22 49.99 3
9.23 50.00 1
9.23 49.98 3
9.24 50.00 1
9.24 49.99 3
9.25 50.00 1
9.25 49.98 3
9.26 50.00 1
9.26 49.99 3
9.27 50.00 1
9.27 49.98 3
9.28 50.00 1
9.28 49.99 3
9.29 50.00 1
9.29 49.98 3
9.30 50.00 1
9.30 49.99 3
9.31 50.00 1
9.31 49.98 3
9.32 50.00 1
9.32 49.99 3
9.33 50.00 1
9.33 49.98 3
9.34 50.00 1
9.34 49.99 3
9.35 50.00 1
9.35 49.98 3
9.36 50.00 1
9.36 49.99 3
9.37 50.00 1
9.37 49.98 3
9.38 50.00 1
9.38 49.99 3
9.39 50.00 1
9.39 49.98 3
9.40 50.00 1
9.40 49.99 3
9.41 50.00 1
9.41 49.98 3
9.42 50.00 1
9.42 49.99 3
9.43 50.00 1
9.43 49.98 3
9.44 50.00 1
9.44 49.99 3
9.45 50.00 1
9.45 49.98 3
9.46 50.00 1
9.46 49.99 3
9.47 50.00 1
9.47 49.98 3
9.48 50.00 1
9.48 49.99 3
9.49 50.00 1
9.49 49.98 3
9.50 50.00 1
9.50 49.99 3
9.51 50.00 1
9.51 49.98 3
9.52 50.00 1
9.52 49.99 3
9.53 50.00 1
9.53 49.98 3
9.54 50.00 1
9.54 49.99 3
9.55 50.00 1
9.55 49.98 3
9.56 50.00 1
9.56 49.99 3
9.57 50.00 1
9.57 49.98 3
9.58 50.00 1
9.58 49.99 3
9.59 50.00 1
9.59 49.98 3
9.60 50.00 1
9.60 49.99 3
9.61 50.00 1
9.61 49.98 3
9.62 50.00 1
9.62 49.99 3
9.63 50.00 1
9.63 49.98 3
9.64 50.00 1
9.64 49.99 3
9.65 50.00 1
9.65 49.98 3
9.66 50.00 1
9.66 49.99 3
9.67 50.00 1
9.67 49.98 3
9.68 50.00 1
9.68 49.99 3
9.69 50.00 1
9.69 49.98 3
9.70 50.00 1
9.70 49.99 3
9.71 50.00 1
9.71 49.98 3
9.72 50.00 1
9.72 49.99 3
9.73 50.00 1
9.73 49.98 3
9.74 50.00 1
9.74 49.99 3
9.75 50.00 1
9.75 49.98 3
9.76 50.00 1
9.76 49.99 3
9.77 50.00 1
9.77 49.98 3
9.78 50.00 1
9.78 49.99 3
9.79 50.00 1
9.79 49.98 3
9.80 50.00 1
9.80 49.99 3
9.81 50.00 1
9.81 49.98 3
9.82 50.00 1
9.82 49.99 3
9.83 50.00 1
9.83 49.98 3
9.84 50.00 1
9.84 49.99 3
9.85 50.00 1
9.85 49.98 3
9.86 50.00 1
9.86 49.99 3
9.87 50.00 1
9.87 49.98 3
9.88 50.00 1
9.88 49.99 3
9.89 50.00 1
9.89 49.98 3
9.90 50.00 1
9.90 49.99 3
9.91 50.00 1
9.91 49.98 3
9.92 50.00 1
9.92 49.99 3
9.93 50.00 1
9.93 49.98 3
9.94 50.00 1
9.94 49.99 3
9.95 50.00 1
9.95 49.98 3
9.96 50.00 1
9.96 49.99 3
9.97 50.00 1
9.97 49.98 3
9.98 50.00 1
9.98 49.99 3
9.99 50.00 1
9.99 49.98 3
10.00 50.00 1
10.00 49.99 3
10.01 50.00 1
10.01 49.98 3
10.02 50.00 1
10.02 49.99 3
10.03 50.00 1
10.03 49.98 3
10.04 50.00 1
10.04 49.99 3
10.05 50.00 1
10.05 49.98 3
10.06 50.00 1
10.06 49.99 3
10.07 50.00 1
10.07 49.98 3
10.08 50.00 1
10.08 49.99 3
10.09 50.00 1
10.09 49.98 3
10.10 50.00 1
10.10 49.99 3
10.11 50.00 1
10.11 49.98 3
10.12 50.00 1
10.12 49.99 3
10.13 50.00 1
10.13 49.98 3
10.14 50.00 1
10.14 49.99 3
10.15 50.00 1
10.15 49.98 3
10.16 50.00 1
10.16 49.99 3
10.17 50.00 1
10.17 49.98 3
10.18 50.00 1
10.18 49.99 3
10.19 50.00 1
10.19 49.98 3
10.20 50.00 1
10.20 49.99 3
10.21 50.00 1
10.21 49.98 3
10.22 50.00 1
10.22 49.99 3
10.23 50.00 1
10.23 49.98 3
10.24 50.00 1
10.24 49.99 3
10.25 50.00 1
10.25 49.98 3
10.26 50.00 1
10.26 49.99 3
10.27 50.00 1
10.27 49.98 3
10.28 50.00 1
10.28 49.99 3
10.29 50.00 1
10.29 49.98 3
10.30 50.00 1
10.30 49.99 3
10.31 50.00 1
10.31 49.98 3
10.32 50.00 1
10.32 49.99 3
10.33 50.00 1
10.33 49.98 3
10.34 50.00 1
10.34 49.99 3
10.35 50.00 1
10.35 49.98 3
10.36 50.00 1
10.36 49.99 3
10.37 50.00 1
10.37 49.98 3
10.38 50.00 1
10.38 49.99 3
10.39 50.00 1
10.39 49.98 3
10.40 50.00 1
10.40 49.99 3
10.41 50.00 1
10.41 49.98 3
10.42 50.00 1
10.42 49.99 3
10.43 50.00 1
10.43 49.98 3
10.44 50.00 1
10.44 49.99 3
10.45 50.00 1
10.45 49.98 3
10.46 50.00 1
10.46 49.99 3
10.47 50.00 1
10.47 49.98 3
10.48 50.00 1
10.48 49.99 3
10.49 50.00 1
10.49 49.98 3
10.50 50.00 1
10.50 49.99 3
10.51 50.00 1
10.51 49.98 3
10.52 50.00 1
10.52 49.99 3
10.53 50.00 1
10.53 49.98 3
10.54 50.00 1
10.54 49.99 3
10.55 50.00 1
10.55 49.98 3
10.56 50.00 1
10.56 49.99 3
10.57 50.00 1
10.57 49.98 3
10.58 50.00 1
10.58 49.99 3
10.59 50.00 1
10.59 49.98 3
10.60 50.00 1
10.60 49.99 3
10.61 50.00 1
10.61 49.98 3
10.62 50.00 1
10.62 49.99 3
10.63 50.00 1
10.63 49.98 3
10.64 50.00 1
10.64 49.99 3
10.65 50.00 1
10.65 49.98 3
10.66 50.00 1
10.66 49.99 3
10.67 50.00 1
10.67 49.98 3
10.68 50.00 1
10.68 49.99 3
10.69 50.00 1
10.69 49.98 3
10.70 50.00 1
10.70 49.99 3
10.71 50.00 1
10.71 49.98 3
10.72 50.00 1
10.72 49.99 3
10.73 50.00 1
10.73 49.98 3
10.74 50.00 1
10.74 49.99 3
10.75 50.00 1
10.75 49.98 3
10.76 50.00 1
10.76 49.99 3
10.77 50.00 1
10.77 49.98 3
10.78 50.00 1
10.78 49.99 3
10.79 50.00 1
10.79 49.98 3
10.80 50.00 1
10.80 49.99 3
10.81 50.00 1
10.81 49.98 3
10.82 50.00 1
10.82 49.99 3
10.83 50.00 1
10.83 49.98 3
10.84 50.00 1
10.84 49.99 3
10.85 50.00 1
10.85 49.98 3
10.86 50.00 1
10.86 49.99 3
10.87 50.00 1
10.87 49.98 3
10.88 50.00 1
10.88 49.99 3
10.89 50.00 1
10.89 49.98 3
10.90 50.00 1
10.90 49.99 3
10.91 50.00 1
10.91 49.98 3
10.92 50.00 1
10.92 49.99 3
10.93 50.00 1
10.93 49.98 3
10.94 50.00 1
10.94 49.99 3
10.95 50.00 1
10.95 49.98 3
10.96 50.00 1
10.96 49.99 3
10.97 50.00 1
10.97 49.98 3
10.98 50.00 1
10.98 49.99 3
10.99 50.00 1
10.99 49.98 3
11.00 50.00 1
11.00 49.99 3
11.01 50.00 1
11.01 49.98 3
11.02 50.00 1
11.02 49.99 3
11.03 50.00 1
11.03 49.98 3
11.04 50.00 1
11.04 49.99 3
11.05 50.00 1
11.05 49.98 3
11.06 50.00 1
11.06 49.99 3
11.07 50.00 1
11.07 49.98 3
11.08 50.00 1
11.08 49.99 3
11.09 50.00 1
11.09 49.98 3
11.10 50.00 1
11.10 49.99 3
11.11 50.00 1
11.11 49.98 3
11.12 50.00 1
11.12 49.99 3
11.13 50.00 1
11.13 49.98 3
11.14 50.00 1
11.14 49.99 3
11.15 50.00 1
11.15 49.98 3
11.16 50.00 1
11.16 49.99 3
11.17 50.00 1
11.17 49.98 3
11.18 50.00 1
11.18 49.99 3
11.19 50.00 1
11.19 49.98 3
11.20 50.00 1
11.20 49.99 3
11.21 50.00 1
11.21 49.98 3
11.22 50.00 1
11.22 49.99 3
11.23 50.00 1
11.23 49.98 3
11.24 50.00 1
11.24 49.99 3
11.25 50.00 1
11.25 49.98 3
11.26 50.00 1
11.26 49.99 3
11.27 50.00 1
11.27 49.98 3
11.28 50.00 1
11.28 49.99 3
11.29 50.00 1
11.29 49.98 3
11.30 50.00 1
11.30 49.99 3
11.31 50.00 1
11.31 49.98 3
11.32 50.00 1
11.32 49.99 3
11.33 50.00 1
11.33 49.98 3
11.34 50.00 1
11.34 49.99 3
11.35 50.00 1
11.35 49.98 3
11.36 50.00 1
11.36 49.99 3
11.37 50.00 1
11.37 49.98 3
11.38 50.00 1
11.38 49.99 3
11.39 50.00 1
11.39 49.98 3
11.40 50.00 1
11.40 49.99 3
11.41 50.00 1
11.41 49.98 3
11.42 50.00 1
11.42 49.99 3
11.43 50.00 1
11.43 49.98 3
11.44 50.00 1
11.44 49.99 3
11.45 50.00 1
11.45 49.98 3
11.46 50.00 1
11.46 49.99 3
11.47 50.00 1
11.47 49.98 3
11.48 50.00 1
11.48 49.99 3
11.49 50.00 1
11.49 49.98 3
11.50 50.00 1
11.50 49.99 3
11.51 50.00 1
11.51 49.98 3
11.52 50.00 1
11.52 49.99 3
11.53 50.00 1
11.53 49.98 3
11.54 50.00 1
11.54 49.99 3
11.55 50.00 1
11.55 49.98 3
11.56 50.00 1
11.56 49.99 3
11.57 50.00 1
11.57 49.98 3
11.58 50.00 1
11.58 49.99 3
11.59 50.00 1
11.59 49.98 3
11.60 50.00 1
11.60 49.99 3
11.61 50.00 1
11.61 49.98 3
11.62 50.00 1
11.62 49.99 3
11.63 50.00 1
11.63 49.98 3
11.64 50.00 1
11.64 49.99 3
11.65 50.00 1
11.65 49.98 3
11.66 50.00 1
11.66 49.99 3
11.67 50.00 1
11.67 49.98 3
11.68 50.00 1
11.68 49.99 3
11.69 50.00 1
11.69 49.98 3
11.70 50.00 1
11.70 49.99 3
11.71 50.00 1
11.71 49.98 3
11.72 50.00 1
11.72 49.99 3
11.73 50.00 1
11.73 49.98 3
11.74 50.00 1
11.74 49.99 3
11.75 50.00 1
11.75 49.98 3
11.76 50.00 1
11.76 49.99 3
11.77 50.00 1
11.77 49.98 3
11.78 50.00 1
11.78 49.99 3
11.79 50.00 1
11.79 49.98 3
11.80 50.00 1
11.80 49.99 3
11.81 50.00 1
11.81 49.98 3
11.82 50.00 1
11.82 49.99 3
11.83 50.00 1
11.83 49.98 3
11.84 50.00 1
11.84 49.99 3
11.85 50.00 1
11.85 49.98 3
11.86 50.00 1
11.86 49.99 3
11.87 50.00 1
11.87 49.98 3
11.88 50.00 1
11.88 49.99 3
11.89 50.00 1
11.89 49.98 3
11.90 50.00 1
11.90 49.99 3
11.91 50.00 1
11.91 49.98 3
11.92 50.00 1
11.92 49.99 3
11.93 50.00 1
11.93 49.98 3
11.94 50.00 1
11.94 49.99 3
11.95 50.00 1
11.95 49.98 3
11.96 50.00 1
11.96 49.99 3
11.97 50.00 1
11.97 49.98 3
11.98 50.00 1
11.98 49.99 3
11.99 50.00 1
11.99 49.98 3
12.00 50.00 1
12.00 49.99 3
12.01 50.00 1
12.01 49.98 3
12.02 50.00 1
12.02 49.99 3
12.03 50.00 1
12.03 49.98 3
12.04 50.00 1
12.04 49.99 3
12.05 50.00 1
12.05 49.98 3
12.06 50.00 1
12.06 49.99 3
12.07 50.00 1
12.07 49.98 3
12.08 50.00 1
12.08 49.99 3
12.09 50.00 1
12.09 49.98 3
12.10 50.00 1
12.10 49.99 3
12.11 50.00 1
12.11 49.98 3
12.12 50.00 1
12.12 49.99 3
12.13 50.00 1
12.13 49.98 3
12.14 50.00 1
12.14 49.99 3
12.15 50.00 1
12.15 49.98 3
12.16 50.00 1
12.16 49.99 3
12.17 50.00 1
12.17 49.98 3
12.18 50.00 1
12.18 49.99 3
12.19 50.00 1
12.19 49.98 3
12.20 50.00 1
12.20 49.99 3
12.21 50.00 1
12.21 49.98 3
12.22 50.00 1
12.22 49.99 3
12.23 50.00 1
12.23 49.98 3
12.24 50.00 1
12.24 49.99 3
12.25 50.00 1
12.25 49.98 3
12.26 50.00 1
12.26 49.99 3
12.27 50.00 1
12.27 49.98 3
12.28 50.00 1
12.28 49.99 3
12.29 50.00 1
12.29 49.98 3
12.30 50.00 1
12.30 49.99 3
12.31 50.00 1
12.31 49.98 3
12.32 50.00 1
12.32 49.99 3
12.33 50.00 1
12.33 49.98 3
12.34 50.00 1
12.34 49.99 3
12.35 50.00 1
12.35 49.98 3
12.36 50.00 1
12.36 49.99 3
12.37 50.00 1
12.37 49.98 3
12.38 50.00 1
12.38 49.99 3
12.39 50.00 1
12.39 49.98 3
12.40 50.00 1
12.40 49.99 3
12.41 50.00 1
12.41 49.98 3
12.42 50.00 1
12.42 49.99 3
12.43 50.00 1
12.43 49.98 3
12.44 50.00 1
12.44 49.99 3
12.45 50.00 1
12.45 49.98 3
12.46 50.00 1
12.46 49.99 3
12.47 50.00 1
12.47 49.98 3
12.48 50.00 1
12.48 49.99 3
12.49 50.00 1
12.49 49.98 3
12.50 50.00 1
12.50 49.99 3
12.51 50.00 1
12.51 49.98 3
12.52 50.00 1
12.52 49.99 3
12.53 50.00 1
12.53 49.98 3
12.54 50.00 1
12.54 49.99 3
12.55 50.00 1
12.55 49.98 3
12.56 50.00 1
12.56 49.99 3
12.57 50.00 1
12.57 49.98 3
12.58 50.00 1
12.58 49.99 3
12.59 50.00 1
12.59 49.98 3
12.60 50.00 1
12.60 49.99 3
12.61 50.00 1
12.61 49.98 3
12.62 50.00 1
12.62 49.99 3
12.63 50.00 1
12.63 49.98 3
12.64 50.00 1
12.64 49.99 3
12.65 50.00 1
12.65 49.98 3
12.66 50.00 1
12.66 49.99 3
12.67 50.00 1
12.67 49.98 3
12.68 50.00 1
12.68 49.99 3
12.69 50.00 1
12.69 49.98 3
12.70 50.00 1
12.70 49.99 3
12.71 50.00 1
12.71 49.98 3
12.72 50.00 1
12.72 49.99 3
12.73 50.00 1
12.73 49.98 3
12.74 50.00 1
12.74 49.99 3
12.75 50.00 1
12.75 49.98 3
12.76 50.00 1
12.76 49.99 3
12.77 50.00 1
12.77 49.98 3
12.78 50.00 1
12.78 49.99 3
12.79 50.00 1
12.79 49.98 3
12.80 50.00 1
12.80 49.99 3
12.81 50.00 1
12.81 49.98 3
12.82 50.00 1
12.82 49.99 3
12.83 50.00 1
12.83 49.98 3
12.84 50.00 1
12.84 49.99 3
12.85 50.00 1
12.85 49.98 3
12.86 50.00 1
12.86 49.99 3
12.87 50.00 1
12.87 49.98 3
12.88 50.00 1
12.88 49.99 3
12.89 50.00 1
12.89 49.98 3
12.90 50.00 1
12.90 49.99 3
12.91 50.00 1
12.91 49.98 3
12.92 50.00 1
12.92 49.99 3
12.93 50.00 1
12.93 49.98 3
12.94 50.00 1
12.94 49.99 3
12.95 50.00 1
12.95 49.98 3
12.96 50.00 1
12.96 49.99 3
12.97 50.00 1
12.97 49.98 3
12.98 50.00 1
12.98 49.99 3
12.99 50.00 1
12.99 49.98 3
13.00 50.00 1
13.00 49.99 3
13.01 50.00 1
13.01 49.98 3
13.02 50.00 1
13.02 49.99 3
13.03 50.00 1
13.03 49.98 3
13.04 50.00 1
13.04 49.99 3
13.05 50.00 1
13.05 49.98 3
13.06 50.00 1
13.06 49.99 3
13.07 50.00 1
13.07 49.98 3
13.08 50.00 1
13.08 49.99 3
13.09 50.00 1
13.09 49.98 3
13.10 50.00 1
13.10 49.99 3
13.11 50.00 1
13.11 49.98 3
13.12 50.00 1
13.12 49.99 3
13.13 50.00 1
13.13 49.98 3
13.14 50.00 1
13.14 49.99 3
13.15 50.00 1
13.15 49.98 3
13.16 50.00 1
13.16 49.99 3
13.17 50.00 1
13.17 49.98 3
13.18 50.00 1
13.18 49.99 3
13.19 50.00 1
13.19 49.98 3
13.20 50.00 1
13.20 49.99 3
13.21 50.00 1
13.21 49.98 3
13.22 50.00 1
13.22 49.99 3
13.23 50.00 1
13.23 49.98 3
13.24 50.00 1
13.24 49.99 3
13.25 50.00 1
13.25 49.98 3
13.26 50.00 1
13.26 49.99 3
13.27 50.00 1
13.27 49.98 3
13.28 50.00 1
13.28 49.99 3
13.29 50.00 1
13.29 49.98 3
13.30 50.00 1
13.30 49.99 3
13.31 50.00 1
13.31 49.98 3
13.32 50.00 1
13.32 49.99 3
13.33 50.00 1
13.33 49.98 3
13.34 50.00 1
13.34 49.99 3
13.35 50.00 1
13.35 49.98 3
13.36 50.00 1
13.36 49.99 3
13.37 50.00 1
13.37 49.98 3
13.38 50.00 1
13.38 49.99 3
13.39 50.00 1
13.39 49.98 3
13.40 50.00 1
13.40 49.99 3
13.41 50.00 1
13.41 49.98 3
13.42 50.00 1
13.42 49.99 3
13.43 50.00 1
13.43 49.98 3
13.44 50.00 1
13.44 49.99 3
13.45 50.00 1
13.45 49.98 3
13.46 50.00 1
13.46 49.99 3
13.47 50.00 1
13.47 49.98 3
13.48 50.00 1
13.48 49.99 3
13.49 50.00 1
13.49 49.98 3
13.50 50.00 1
13.50 49.99 3
13.51 50.00 1
13.51 49.98 3
13.52 50.00 1
13.52 49.99 3
13.53 50.00 1
13.53 49.98 3
13.54 50.00 1
13.54 49.99 3
13.55 50.00 1
13.55 49.98 3
13.56 50.00 1
13.56 49.99 3
13.57 50.00 1
13.57 49.98 3
13.58 50.00 1
13.58 49.99 3
13.59 50.00 1
13.59 49.98 3
13.60 50.00 1
13.60 49.99 3
13.61 50.00 1
13.61 49.98 3
13.62 50.00 1
13.62 49.99 3
13.63 50.00 1
13.63 49.98 3
13.64 50.00 1
13.64 49.99 3
13.65 50.00 1
13.65 49.98 3
13.66 50.00 1
13.66 49.99 3
13.67 50.00 1
13.67 49.98 3
13.68 50.00 1
13.68 49.99 3
13.69 50.00 1
13.69 49.98 3
13.70 50.00 1
13.70 49.99 3
13.71 50.00 1
13.71 49.98 3
13.72 50.00 1
13.72 49.99 3
13.73 50.00 1
13.73 49.98 3
13.74 50.00 1
13.74 49.99 3
13.75 50.00 1
13.75 49.98 3
13.76 50.00 1
13.76 49.99 3
13.77 50.00 1
13.77 49.98 3
13.78 50.00 1
13.78 49.99 3
13.79 50.00 1
13.79 49.98 3
13.80 50.00 1
13.80 49.99 3
13.81 50.00 1
13.81 49.98 3
13.82 50.00 1
13.82 49.99 3
13.83 50.00 1
13.83 49.98 3
13.84 50.00 1
13.84 49.99 3
13.85 50.00 1
13.85 49.98 3
13.86 50.00 1
13.86 49.99 3
13.87 50.00 1
13.87 49.98 3
13.88 50.00 1
13.88 49.99 3
13.89 50.00 1
13.89 49.98 3
13.90 50.00 1
13.90 49.99 3
13.91 50.00 1
13.91 49.98 3
13.92 50.00 1
13.92 49.99 3
13.93 50.00 1
13.93 49.98 3
13.94 50.00 1
13.94 49.99 3
13.95 50.00 1
13.95 49.98 3
13.96 50.00 1
13.96 49.99 3
13.97 50.00 1
13.97 49.98 3
13.98 50.00 1
13.98 49.99 3
13.99 50.00 1
13.99 49.98 3
14.00 50.00 1
14.00 49.99 3
14.01 50.00 1
14.01 49.98 3
14.02 50.00 1
14.02 49.99 3
14.03 50.00 1
14.03 49.98 3
14.04 50.00 1
14.04 49.99 3
14.05 50.00 1
14.05 49.98 3
14.06 50.00 1
14.06 49.99 3
14.07 50.00 1
14.07 49.98 3
14.08 50.00 1
14.08 49.99 3
14.09 50.00 1
14.09 49.98 3
14.10 50.00 1
14.10 49.99 3
14.11 50.00 1
14.11 49.98 3
14.12 50.00 1
14.12 49.99 3
14.13 50.00 1
14.13 49.98 3
14.14 50.00 1
14.14 49.99 3
14.15 50.00 1
14.15 49.98 3
14.16 50.00 1
14.16 49.99 3
14.17 50.00 1
14.17 49.98 3
14.18 50.00 1
14.18 49.99 3
14.19 50.00 1
14.19 49.98 3
14.20 50.00 1
14.20 49.99 3
14.21 50.00 1
14.21 49.98 3
14.22 50.00 1
14.22 49.99 3
14.23 50.00 1
14.23 49.98 3
14.24 50.00 1
14.24 49.99 3
14.25 50.00 1
14.25 49.98 3
14.26 50.00 1
14.26 49.99 3
14.27 50.00 1
14.27 49.98 3
14.28 50.00 1
14.28 49.99 3
14.29 50.00 1
14.29 49.98 3
14.30 50.00 1
14.30 49.99 3
14.31 50.00 1
14.31 49.98 3
14.32 50.00 1
14.32 49.99 3
14.33 50.00 1
14.33 49.98 3
14.34 50.00 1
14.34 49.99 3
14.35 50.00 1
14.35 49.98 3
14.36 50.00 1
14.36 49.99 3
14.37 50.00 1
14.37 49.98 3
14.38 50.00 1
14.38 49.99 3
14.39 50.00 1
14.39 49.98 3
14.40 50.00 1
14.40 49.99 3
14.41 50.00 1
14.41 49.98 3
14.42 50.00 1
14.42 49.99 3
14.43 50.00 1
14.43 49.98 3
14.44 50.00 1
14.44 49.99 3
14.45 50.00 1
14.45 49.98 3
14.46 50.00 1
14.46 49.99 3
14.47 50.00 1
14.47 49.98 3
14.48 50.00 1
14.48 49.99 3
14.49 50.00 1
14.49 49.98 3
14.50 50.00 1
14.50 49.99 3
14.51 50.00 1
14.51 49.98 3
14.52 50.00 1
14.52 49.99 3
14.53 50.00 1
14.53 49.98 3
14.54 50.00 1
14.54 49.99 3
14.55 50.00 1
14.55 49.98 3
14.56 50.00 1
14.56 49.99 3
14.57 50.00 1
14.57 49.98 3
14.58 50.00 1
14.58 49.99 3
14.59 50.00 1
14.59 49.98 3
14.60 50.00 1
14.60 49.99 3
14.61 50.00 1
14.61 49.98 3
14.62 50.00 1
14.62 49.99 3
14.63 50.00 1
14.63 49.98 3
14.64 50.00 1
14.64 49.99 3
14.65 50.00 1
14.65 49.98 3
14.66 50.00 1
14.66 49.99 3
14.67 50.00 1
14.67 49.98 3
14.68 50.00 1
14.68 49.99 3
14.69 50.00 1
14.69 49.98 3
14.70 50.00 1
14.70 49.99 3
14.71 50.00 1
14.71 49.98 3
14.72 50.00 1
14.72 49.99 3
14.73 50.00 1
14.73 49.98 3
14.74 50.00 1
14.74 49.99 3
14.75 50.00 1
14.75 49.98 3
14.76 50.00 1
14.76 49.99 3
14.77 50.00 1
14.77 49.98 3
14.78 50.00 1
14.78 49.99 3
14.79 50.00 1
14.79 49.98 3
14.80 50.00 1
14.80 49.99 3
14.81 50.00 1
14.81 49.98 3
14.82 50.00 1
14.82 49.99 3
14.83 50.00 1
14.83 49.98 3
14.84 50.00 1
14.84 49.99 3
14.85 50.00 1
14.85 49.98 3
14.86 50.00 1
14.86 49.99 3
14.87 50.00 1
14.87 49.98 3
14.88 50.00 1
14.88 49.99 3
14.89 50.00 1
14.89 49.98 3
14.90 50.00 1
14.90 49.99 3
14.91 50.00 1
14.91 49.98 3
14.92 50.00 1
14.92 49.99 3
14.93 50.00 1
14.93 49.98 3
14.94 50.00 1
14.94 49.99 3
14.95 50.00 1
14.95 49.98 3
14.96 50.00 1
14.96 49.99 3
14.97 50.00 1
14.97 49.98 3
14.98 50.00 1
14.98 49.99 3
14.99 50.00 1
14.99 49.98 3
15.00 50.00 1
15.00 49.99 3
15.01 50.00 1
15.01 49.98 3
15.02 50.00 1
15.02 49.99 3
15.03 50.00 1
15.03 49.98 3
15.04 50.00 1
15.04 49.99 3
15.05 50.00 1
15.05 49.98 3
15.06 50.00 1
15.06 49.99 3
15.07 50.00 1
15.07 49.98 3
15.08 50.00 1
15.08 49.99 3
15.09 50.00 1
15.09 49.98 3
15.10 50.00 1
15.10 49.99 3
15.11 50.00 1
15.11 49.98 3
15.12 50.00 1
15.12 49.99 3
15.13 50.00 1
15.13 49.98 3
15.14 50.00 1
15.14 49.99 3
15.15 50.00 1
15.15 49.98 3
15.16 50.00 1
15.16 49.99 3
15.17 50.00 1
15.17 49.98 3
15.18 50.00 1
15.18 49.99 3
15.19 50.00 1
15.19 49.98 3
15.20 50.00 1
15.20 49.99 3
15.21 50.00 1
15.21 49.98 3
15.22 50.00 1
15.22 49.99 3
15.23 50.00 1
15.23 49.98 3
15.24 50.00 1
15.24 49.99 3
15.25 50.00 1
15.25 49.98 3
15.26 50.00 1
15.26 49.99 3
15.27 50.00 1
15.27 49.98 3
15.28 50.00 1
15.28 49.99 3
15.29 50.00 1
15.29 49.98 3
15.30 50.00 1
15.30 49.99 3
15.31 50.00 1
15.31 49.98 3
15.32 50.00 1
15.32 49.99 3
15.33 50.00 1
15.33 49.98 3
15.34 50.00 1
15.34 49.99 3
15.35 50.00 1
15.35 49.98 3
15.36 50.00 1
15.36 49.99 3
15.37 50.00 1
15.37 49.98 3
15.38 50.00 1
15.38 49.99 3
15.39 50.00 1
15.39 49.98 3
15.40 50.00 1
15.40 49.99 3
15.41 50.00 1
15.41 49.98 3
15.42 50.00 1
15.42 49.99 3
15.43 50.00 1
15.43 49.98 3
15.44 50.00 1
15.44 49.99 3
15.45 50.00 1
15.45 49.98 3
15.46 50.00 1
15.46 49.99 3
15.47 50.00 1
15.47 49.98 3
15.48 50.00 1
15.48 49.99 3
15.49 50.00 1
15.49 49.98 3
15.50 50.00 1
15.50 49.99 3
15.51 50.00 1
15.51 49.98 3
15.52 50.00 1
15.52 49.99 3
15.53 50.00 1
15.53 49.98 3
15.54 50.00 1
15.54 49.99 3
15.55 50.00 1
15.55 49.98 3
15.56 50.00 1
15.56 49.99 3
15.57 50.00 1
15.57 49.98 3
15.58 50.00 1
15.58 49.99 3
15.59 50.00 1
15.59 49.98 3
15.60 50.00 1
15.60 49.99 3
15.61 50.00 1
15.61 49.98 3
15.62 50.00 1
15.62 49.99 3
15.63 50.00 1
15.63 49.98 3
15.64 50.00 1
15.64 49.99 3
15.65 50.00 1
15.65 49.98 3
15.66 50.00 1
15.66 49.99 3
15.67 50.00 1
15.67 49.98 3
15.68 50.00 1
15.68 49.99 3
15.69 50.00 1
15.69 49.98 3
15.70 50.00 1
15.70 49.99 3
15.71 50.00 1
15.71 49.98 3
15.72 50.00 1
15.72 49.99 3
15.73 50.00 1
15.73 49.98 3
15.74 50.00 1
15.74 49.99 3
15.75 50.00 1
15.75 49.98 3
15.76 50.00 1
15.76 49.99 3
15.77 50.00 1
15.77 49.98 3
15.78 50.00 1
15.78 49.99 3
15.79 50.00 1
15.79 49.98 3
15.80 50.00 1
15.80 49.99 3
15.81 50.00 1
15.81 49.98 3
15.82 50.00 1
15.82 49.99 3
15.83 50.00 1
15.83 49.98 3
15.84 50.00 1
15.84 49.99 3
15.85 50.00 1
15.85 49.98 3
15.86 50.00 1
15.86 49.99 3
15.87 50.00 1
15.87 49.98 3
15.88 50.00 1
15.88 49.99 3
15.89 50.00 1
15.89 49.98 3
15.90 50.00 1
15.90 49.99 3
15.91 50.00 1
15.91 49.98 3
15.92 50.00 1
15.92 49.99 3
15.93 50.00 1
15.93 49.98 3
15.94 50.00 1
15.94 49.99 3
15.95 50.00 1
15.95 49.98 3
15.96 50.00 1
15.96 49.99 3
15.97 50.00 1
15.97 49.98 3
15.98 50.00 1
15.98 49.99 3
15.99 50.00 1
15.99 49.98 3
16.00 50.00 1
16.00 49.99 3
16.01 50.00 1
16.01 49.98 3
16.02 50.00 1
16.02 49.99 3
16.03 50.00 1
16.03 49.98 3
16.04 50.00 1
16.04 49.99 3
16.05 50.00 1
16.05 49.98 3
16.06 50.00 1
16.06 49.99 3
16.07 50.00 1
16.07 49.98 3
16.08 50.00 1
16.08 49.99 3
16.09 50.00 1
16.09 49.98 3
16.10 50.00 1
16.10 49.99 3
16.11 50.00 1
16.11 49.98 3
16.12 50.00 1
16.12 49.99 3
16.13 50.00 1
16.13 49.98 3
16.14 50.00 1
16.14 49.99 3
16.15 50.00 1
16.15 49.98 3
16.16 50.00 1
16.16 49.99 3
16.17 50.00 1
16.17 49.98 3
16.18 50.00 1
16.18 49.99 3
16.19 50.00 1
16.19 49.98 3
16.20 50.00 1
16.20 49.99 3
16.21 50.00 1
16.21 49.98 3
16.22 50.00 1
16.22 49.99 3
16.23 50.00 1
16.23 49.98 3
16.24 50.00 1
16.24 49.99 3
16.25 50.00 1
16.25 49.98 3
16.26 50.00 1
16.26 49.99 3
16.27 50.00 1
16.27 49.98 3
16.28 50.00 1
16.28 49.99 3
16.29 50.00 1
16.29 49.98 3
16.30 50.00 1
16.30 49.99 3
16.31 50.00 1
16.31 49.98 3
16.32 50.00 1
16.32 49.99 3
16.33 50.00 1
16.33 49.98 3
16.34 50.00 1
16.34 49.99 3
16.35 50.00 1
16.35 49.98 3
16.36 50.00 1
16.36 49.99 3
16.37 50.00 1
16.37 49.98 3
16.38 50.00 1
16.38 49.99 3
16.39 50.00 1
16.39 49.98 3
16.40 50.00 1
16.40 49.99 3
16.41 50.00 1
16.41 49.98 3
16.42 50.00 1
16.42 49.99 3
16.43 50.00 1
16.43 49.98 3
16.44 50.00 1
16.44 49.99 3
16.45 50.00 1
16.45 49.98 3
16.46 50.00 1
16.46 49.99 3
16.47 50.00 1
16.47 49.98 3
16.48 50.00 1
16.48 49.99 3
16.49 50.00 1
16.49 49.98 3
16.50 50.00 1
16.50 49.99 3
16.51 50.00 1
16.51 49.98 3
16.52 50.00 1
16.52 49.99 3
16.53 50.00 1
16.53 49.98 3
16.54 50.00 1
16.54 49.99 3
16.55 50.00 1
16.55 49.98 3
16.56 50.00 1
16.56 49.99 3
16.57 50.00 1
16.57 49.98 3
16.58 50.00 1
16.58 49.99 3
16.59 50.00 1
16.59 49.98 3
16.60 50.00 1
16.60 49.99 3
16.61 50.00 1
16.61 49.98 3
16.62 50.00 1
16.62 49.99 3
16.63 50.00 1
16.63 49.98 3
16.64 50.00 1
16.64 49.99 3
16.65 50.00 1
16.65 49.98 3
16.66 50.00 1
16.66 49.99 3
16.67 50.00 1
16.67 49.98 3
16.68 50.00 1
16.68 49.99 3
16.69 50.00 1
16.69 49.98 3
16.70 50.00 1
16.70 49.99 3
16.71 50.00 1
16.71 49.98 3
16.72 50.00 1
16.72 49.99 3
16.73 50.00 1
16.73 49.98 3
16.74 50.00 1
16.74 49.99 3
16.75 50.00 1
16.75 49.98 3
16.76 50.00 1
16.76 49.99 3
16.77 50.00 1
16.77 49.98 3
16.78 50.00 1
16.78 49.99 3
16.79 50.00 1
16.79 49.98 3
16.80 50.00 1
16.80 49.99 3
16.81 50.00 1
16.81 49.98 3
16.82 50.00 1
16.82 49.99 3
16.83 50.00 1
16.83 49.98 3
16.84 50.00 1
16.84 49.99 3
16.85 50.00 1
16.85 49.98 3
16.86 50.00 1
16.86 49.99 3
16.87 50.00 1
16.87 49.98 3
16.88 50.00 1
16.88 49.99 3
16.89 50.00 1
16.89 49.98 3
16.90 50.00 1
16.90 49.99 3
16.91 50.00 1
16.91 49.98 3
16.92 50.00 1
16.92 49.99 3
16.93 50.00 1
16.93 49.98 3
16.94 50.00 1
16.94 49.99 3
16.95 50.00 1
16.95 49.98 3
16.96 50.00 1
16.96 49.99 3
16.97 50.00 1
16.97 49.98 3
16.98 50.00 1
16.98 49.99 3
16.99 50.00 1
16.99 49.98 3
17.00 50.00 1
17.00 49.99 3
17.01 50.00 1
17.01 49.98 3
17.02 50.00 1
17.02 49.99 3
17.03 50.00 1
17.03 49.98 3
17.04 50.00 1
17.04 49.99 3
17.05 50.00 1
17.05 49.98 3
17.06 50.00 1
17.06 49.99 3
17.07 50.00 1
17.07 49.98 3
17.08 50.00 1
17.08 49.99 3
17.09 50.00 1
17.09 49.98 3
17.10 50.00 1
17.10 49.99 3
17.11 50.00 1
17.11 49.98 3
17.12 50.00 1
17.12 49.99 3
17.13 50.00 1
17.13 49.98 3
17.14 50.00 1
17.14 49.99 3
17.15 50.00 1
17.15 49.98 3
17.16 50.00 1
17.16 49.99 3
17.17 50.00 1
17.17 49.98 3
17.18 50.00 1
17.18 49.99 3
17.19 50.00 1
17.19 49.98 3
17.20 50.00 1
17.20 49.99 3
17.21 50.00 1
17.21 49.98 3
17.22 50.00 1
17.22 49.99 3
17.23 50.00 1
17.23 49.98 3
17.24 50.00 1
17.24 49.99 3
17.25 50.00 1
17.25 49.98 3
17.26 50.00 1
17.26 49.99 3
17.27 50.00 1
17.27 49.98 3
17.28 50.00 1
17.28 49.99 3
17.29 50.00 1
17.29 49.98 3
17.30 50.00 1
17.30 49.99 3
17.31 50.00 1
17.31 49.98 3
17.32 50.00 1
17.32 49.99 3
17.33 50.00 1
17.33 49.98 3
17.34 50.00 1
17.34 49.99 3
17.35 50.00 1
17.35 49.98 3
17.36 50.00 1
17.36 49.99 3
17.37 50.00 1
17.37 49.98 3
17.38 50.00 1
17.38 49.99 3
17.39 50.00 1
17.39 49.98 3
17.40 50.00 1
17.40 49.99 3
17.41 50.00 1
17.41 49.98 3
17.42 50.00 1
17.42 49.99 3
17.43 50.00 1
17.43 49.98 3
17.44 50.00 1
17.44 49.99 3
17.45 50.00 1
17.45 49.98 3
17.46 50.00 1
17.46 49.99 3
17.47 50.00 1
17.47 49.98 3
17.48 50.00 1
17.48 49.99 3
17.49 50.00 1
17.49 49.98 3
17.50 50.00 1
17.50 49.99 3
17.51 50.00 1
17.51 49.98 3
17.52 50.00 1
17.52 49.99 3
17.53 50.00 1
17.53 49.98 3
17.54 50.00 1
17.54 49.99 3
17.55 50.00 1
17.55 49.98 3
17.56 50.00 1
17.56 49.99 3
17.57 50.00 1
17.57 49.98 3
17.58 50.00 1
17.58 49.99 3
17.59 50.00 1
17.59 49.98 3
17.60 50.00 1
17.60 49.99 3
17.61 50.00 1
17.61 49.98 3
17.62 50.00 1
17.62 49.99 3
17.63 50.00 1
17.63 49.98 3
17.64 50.00 1
17.64 49.99 3
17.65 50.00 1
17.65 49.98 3
17.66 50.00 1
17.66 49.99 3
17.67 50.00 1
17.67 49.98 3
17.68 50.00 1
17.68 49.99 3
17.69 50.00 1
17.69 49.98 3
17.70 50.00 1
17.70 49.99 3
17.71 50.00 1
17.71 49.98 3
17.72 50.00 1
17.72 49.99 3
17.73 50.00 1
17.73 49.98 3
17.74 50.00 1
17.74 49.99 3
17.75 50.00 1
17.75 49.98 3
17.76 50.00 1
17.76 49.99 3
17.77 50.00 1
17.77 49.98 3
17.78 50.00 1
17.78 49.99 3
17.79 50.00 1
17.79 49.98 3
17.80 50.00 1
17.80 49.99 3
17.81 50.00 1
17.81 49.98 3
17.82 50.00 1
17.82 49.99 3
17.83 50.00 1
17.83 49.98 3
17.84 50.00 1
17.84 49.99 3
17.85 50.00 1
17.85 49.98 3
17.86 50.00 1
17.86 49.99 3
17.87 50.00 1
17.87 49.98 3
17.88 50.00 1
17.88 49.99 3
17.89 50.00 1
17.89 49.98 3
17.90 50.00 1
17.90 49.99 3
17.91 50.00 1
17.91 49.98 3
17.92 50.00 1
17.92 49.99 3
17.93 50.00 1
17.93 49.98 3
17.94 50.00 1
17.94 49.99 3
17.95 50.00 1
17.95 49.98 3
17.96 50.00 1
17.96 49.99 3
17.97 50.00 1
17.97 49.98 3
17.98 50.00 1
17.98 49.99 3
17.99 50.00 1
17.99 49.98 3
18.00 50.00 1
18.00 49.99 3
18.01 50.00 1
18.01 49.98 3
18.02 50.00 1
18.02 49.99 3
18.03 50.00 1
18.03 49.98 3
18.04 50.00 1
18.04 49.99 3
18.05 50.00 1
18.05 49.98 3
18.06 50.00 1
18.06 49.99 3
18.07 50.00 1
18.07 49.98 3
18.08 50.00 1
18.08 49.99 3
18.09 50.00 1
18.09 49.98 3
18.10 50.00 1
18.10 49.99 3
18.11 50.00 1
18.11 49.98 3
18.12 50.00 1
18.12 49.99 3
18.13 50.00 1
18.13 49.98 3
18.14 50.00 1
18.14 49.99 3
18.15 50.00 1
18.15 49.98 3
18.16 50.00 1
18.16 49.99 3
18.17 50.00 1
18.17 49.98 3
18.18 50.00 1
18.18 49.99 3
18.19 50.00 1
18.19 49.98 3
18.20 50.00 1
18.20 49.99 3
18.21 50.00 1
18.21 49.98 3
18.22 50.00 1
18.22 49.99 3
18.23 50.00 1
18.23 49.98 3
18.24 50.00 1
18.24 49.99 3
18.25 50.00 1
18.25 49.98 3
18.26 50.00 1
18.26 49.99 3
18.27 50.00 1
18.27 49.98 3
18.28 50.00 1
18.28 49.99 3
18.29 50.00 1
18.29 49.98 3
18.30 50.00 1
18.30 49.99 3
18.31 50.00 1
18.31 49.98 3
18.32 50.00 1
18.32 49.99 3
18.33 50.00 1
18.33 49.98 3
18.34 50.00 1
18.34 49.99 3
18.35 50.00 1
18.35 49.98 3
18.36 50.00 1
18.36 49.99 3
18.37 50.00 1
18.37 49.98 3
18.38 50.00 1
18.38 49.99 3
18.39 50.00 1
18.39 49.98 3
18.40 50.00 1
18.40 49.99 3
18.41 50.00 1
18.41 49.98 3
18.42 50.00 1
18.42 49.99 3
18.43 50.00 1
18.43 49.98 3
18.44 50.00 1
18.44 49.99 3
18.45 50.00 1
18.45 49.98 3
18.46 50.00 1
18.46 49.99 3
18.47 50.00 1
18.47 49.98 3
18.48 50.00 1
18.48 49.99 3
18.49 50.00 1
18.49 49.98 3
18.50 50.00 1
18.50 49.99 3
18.51 50.00 1
18.51 49.98 3
18.52 50.00 1
18.52 49.99 3
18.53 50.00 1
18.53 49.98 3
18.54 50.00 1
18.54 49.99 3
18.55 50.00 1
18.55 49.98 3
18.56 50.00 1
18.56 49.99 3
18.57 50.00 1
18.57 49.98 3
18.58 50.00 1
18.58 49.99 3
18.59 50.00 1
18.59 49.98 3
18.60 50.00 1
18.60 49.99 3
18.61 50.00 1
18.61 49.98 3
18.62 50.00 1
18.62 49.99 3
18.63 50.00 1
18.63 49.98 3
18.64 50.00 1
18.64 49.99 3
18.65 50.00 1
18.65 49.98 3
18.66 50.00 1
18.66 49.99 3
18.67 50.00 1
18.67 49.98 3
18.68 50.00 1
18.68 49.99 3
18.69 50.00 1
18.69 49.98 3
18.70 50.00 1
18.70 49.99 3
18.71 50.00 1
18.71 49.98 3
18.72 50.00 1
18.72 49.99 3
18.73 50.00 1
18.73 49.98 3
18.74 50.00 1
18.74 49.99 3
18.75 50.00 1
18.75 49.98 3
18.76 50.00 1
18.76 49.99 3
18.77 50.00 1
18.77 49.98 3
18.78 50.00 1
18.78 49.99 3
18.79 50.00 1
18.79 49.98 3
18.80 50.00 1
18.80 49.99 3
18.81 50.00 1
18.81 49.98 3
18.82 50.00 1
18.82 49.99 3
18.83 50.00 1
18.83 49.98 3
18.84 50.00 1
18.84 49.99 3
18.85 50.00 1
18.85 49.98 3
18.86 50.00 1
18.86 49.99 3
18.87 50.00 1
18.87 49.98 3
18.88 50.00 1
18.88 49.99 3
18.89 50.00 1
18.89 49.98 3
18.90 50.00 1
18.90 49.99 3
18.91 50.00 1
18.91 49.98 3
18.92 50.00 1
18.92 49.99 3
18.93 50.00 1
18.93 49.98 3
18.94 50.00 1
18.94 49.99 3
18.95 50.00 1
18.95 49.98 3
18.96 50.00 1
18.96 49.99 3
18.97 50.00 1
18.97 49.98 3
18.98 50.00 1
18.98 49.99 3
18.99 50.00 1
18.99 49.98 3
19.00 50.00 1
19.00 49.99 3
19.01 50.00 1
19.01 49.98 3
19.02 50.00 1
19.02 49.99 3
19.03 50.00 1
19.03 49.98 3
19.04 50.00 1
19.04 49.99 3
19.05 50.00 1
19.05 49.98 3
19.06 50.00 1
19.06 49.99 3
19.07 50.00 1
19.07 49.98 3
19.08 50.00 1
19.08 49.99 3
19.09 50.00 1
19.09 49.98 3
19.10 50.00 1
19.10 49.99 3
19.11 50.00 1
19.11 49.98 3
19.12 50.00 1
19.12 49.99 3
19.13 50.00 1
19.13 49.98 3
19.14 50.00 1
19.14 49.99 3
19.15 50.00 1
19.15 49.98 3
19.16 50.00 1
19.16 49.99 3
19.17 50.00 1
19.17 49.98 3
19.18 50.00 1
19.18 49.99 3
19.19 50.00 1
19.19 49.98 3
19.20 50.00 1
19.20 49.99 3
19.21 50.00 1
19.21 49.98 3
19.22 50.00 1
19.22 49.99 3
19.23 50.00 1
19.23 49.98 3
19.24 50.00 1
19.24 49.99 3
19.25 50.00 1
19.25 49.98 3
19.26 50.00 1
19.26 49.99 3
19.27 50.00 1
19.27 49.98 3
19.28 50.00 1
19.28 49.99 3
19.29 50.00 1
19.29 49.98 3
19.30 50.00 1
19.30 49.99 3
19.31 50.00 1
19.31 49.98 3
19.32 50.00 1
19.32 49.99 3
19.33 50.00 1
19.33 49.98 3
19.34 50.00 1
19.34 49.99 3
19.35 50.00 1
19.35 49.98 3
19.36 50.00 1
19.36 49.99 3
19.37 50.00 1
19.37 49.98 3
19.38 50.00 1
19.38 49.99 3
19.39 50.00 1
19.39 49.98 3
19.40 50.00 1
19.40 49.99 3
19.41 50.00 1
19.41 49.98 3
19.42 50.00 1
19.42 49.99 3
19.43 50.00 1
19.43 49.98 3
19.44 50.00 1
19.44 49.99 3
19.45 50.00 1
19.45 49.98 3
19.46 50.00 1
19.46 49.99 3
19.47 50.00 1
19.47 49.98 3
19.48 50.00 1
19.48 49.99 3
19.49 50.00 1
19.49 49.98 3
19.50 50.00 1
19.50 49.99 3
19.51 50.00 1
19.51 49.98 3
19.52 50.00 1
19.52 49.99 3
19.53 50.00 1
19.53 49.98 3
19.54 50.00 1
19.54 49.99 3
19.55 50.00 1
19.55 49.98 3
19.56 50.00 1
19.56 49.99 3
19.57 50.00 1
19.57 49.98 3
19.58 50.00 1
19.58 49.99 3
19.59 50.00 1
19.59 49.98 3
19.60 50.00 1
19.60 49.99 3
19.61 50.00 1
19.61 49.98 3
19.62 50.00 1
19.62 49.99 3
19.63 50.00 1
19.63 49.98 3
19.64 50.00 1
19.64 49.99 3
19.65 50.00 1
19.65 49.98 3
19.66 50.00 1
19.66 49.99 3
19.67 50.00 1
19.67 49.98 3
19.68 50.00 1
19.68 49.99 3
19.69 50.00 1
19.69 49.98 3
19.70 50.00 1
19.70 49.99 3
19.71 50.00 1
19.71 49.98 3
19.72 50.00 1
19.72 49.99 3
19.73 50.00 1
19.73 49.98 3
19.74 50.00 1
19.74 49.99 3
19.75 50.00 1
19.75 49.98 3
19.76 50.00 1
19.76 49.99 3
19.77 50.00 1
19.77 49.98 3
19.78 50.00 1
19.78 49.99 3
19.79 50.00 1
19.79 49.98 3
19.80 50.00 1
19.80 49.99 3
19.81 50.00 1
19.81 49.98 3
19.82 50.00 1
19.82 49.99 3
19.83 50.00 1
19.83 49.98 3
19.84 50.00 1
19.84 49.99 3
19.85 50.00 1
19.85 49.98 3
19.86 50.00 1
19.86 49.99 3
19.87 50.00 1
19.87 49.98 3
19.88 50.00 1
19.88 49.99 3
19.89 50.00 1
19.89 49.98 3
19.90 50.00 1
19.90 49.99 3
19.91 50.00 1
19.91 49.98 3
19.92 50.00 1
19.92 49.99 3
19.93 50.00 1
19.93 49.98 3
19.94 50.00 1
19.94 49.99 3
19.95 50.00 1
19.95 49.98 3
19.96 50.00 1
19.96 49.99 3
19.97 50.00 1
19.97 49.98 3
19.98 50.00 1
19.98 49.99 3
19.99 50.00 1
19.99 49.98 3
20.00 50.00 1
20.00 49.99 3

