10
365.76 980.49 880 916.61
195.51 513.60 99214
243.97 301.99 9651
274.44 148.87 94862
147.59 553.71 99424
19.84 528.64 89886
143.06 209.80 38016
28.77 121.12 22647
211.90 328.33 62780
200.63 209.74 4468
185.59 694.31 55645
315.42 396.39 41698
323.40 433.35 75608
284.81 252.56 57779
36.12 851.51 57731
324.87 702.68 22878
53.29 751.19 71998
173.65 2.41 66713
41.95 919.71 76336
194.78 203.44 16650
140.01 408.24 13865
294.30 282.66 25722
73.57 268.90 32529
147.82 359.66 74198
22.42 182.38 51482
66.35 351.09 97922
363.67 699.77 45753
165.26 773.28 30493
173.75 976.92 9051
78.11 663.63 62360
106.46 502.74 71333
202.34 472.56 262
201.47 818.56 65059
151.24 58.65 6029
170.85 873.31 34172
157.97 893.15 35203
80.20 515.81 8276
7.24 673.49 82991
349.84 487.81 8120
90.96 176.61 84258
2.26 58.75 87124
50.33 388.09 2525
293.94 254.04 69769
79.54 246.75 9477
227.46 277.11 4678
121.93 320.49 13505
39.42 524.77 59789
215.83 684.67 43455
167.71 450.37 77063
221.41 95.44 93623
182.39 686.51 44196
154.22 849.64 63633
134.10 848.54 69039
274.09 176.25 37669
223.38 939.99 79256
185.51 7.33 54395
67.28 131.25 25767
72.86 573.70 86958
109.06 648.77 91857
171.26 83.98 92195
55.57 719.28 20098
12.19 301.53 56105
276.16 384.38 13663
25.68 497.62 36742
76.66 270.92 26364
356.36 943.40 72318
130.20 979.08 94541
77.83 740.44 93709
221.84 224.22 42594
119.68 422.55 19108
301.67 943.74 59455
199.76 106.00 2223
299.58 421.60 30715
58.90 324.09 11564
356.50 283.20 21481
295.49 836.48 9150
128.64 122.98 73977
285.30 330.35 78783
36.11 799.33 29831
120.93 882.97 61819
58.11 826.05 10731
175.36 546.55 57190
343.94 788.59 14093
137.60 427.51 74435
300.54 813.28 24567
183.49 242.65 65343
213.19 368.58 92434
56.28 386.17 99350
64.18 869.26 48294
309.05 674.36 30757
19.31 280.90 70408
207.23 676.72 73845
125.69 519.65 8246
309.99 281.53 11843
97.59 686.35 61571
83.54 556.33 963
131.02 786.53 21602
76.00 306.77 34667
306.78 288.77 41325
27.14 609.00 53572
176.65 435.12 19508
206.67 377.31 28258
340.80 949.85 17768
348.94 980.09 34052
110.26 629.76 83020
358.46 389.40 65547
15.54 608.34 86911
1.44 493.34 85414
78.43 716.22 18258
14.74 941.28 42793
197.49 955.85 97691
21.55 679.93 30824
245.33 203.81 35165
167.68 415.48 88553
24.41 60.96 89874
29.45 86.28 96735
47.50 649.82 81081
207.32 558.42 8927
213.37 746.40 88175
213.12 947.98 7417
49.03 117.14 79392
68.66 79.54 88075
68.70 732.17 7763
181.49 374.29 31804
130.59 931.36 41342
122.92 979.74 88886
281.16 81.40 43634
84.64 692.62 4466
83.41 553.15 17429
159.52 30.58 29396
106.74 517.27 79467
154.75 722.84 56130
354.62 91.93 35569
118.00 487.12 75746
192.69 211.31 12349
212.15 480.85 5536
95.03 754.97 80738
308.90 901.58 27121
302.13 155.45 3195
135.18 883.48 82492
68.85 90.62 15809
38.97 835.39 46910
129.56 670.49 49475
85.00 662.49 41488
16.70 772.09 15255
187.79 314.96 93412
215.96 288.33 54802
106.39 333.54 43475
263.73 943.14 96226
75.84 794.48 63453
295.11 582.82 12994
321.52 936.24 17986
64.07 379.96 8484
324.16 968.18 67537
320.54 615.12 33058
32.72 17.37 97625
285.32 683.49 91902
204.40 74.26 5304
4.10 743.06 57956
137.54 151.41 43385
210.91 31.43 69615
109.93 286.02 75312
206.59 521.41 23518
204.84 858.00 61908
233.11 294.79 67485
268.80 18.43 75123
362.62 599.07 50897
330.58 935.99 64210
21.79 838.52 95019
320.23 7.92 12300
132.20 437.84 32078
327.74 573.42 63707
301.29 965.95 68035
13.81 476.29 58733
43.37 525.01 23188
316.50 247.73 24153
204.61 826.78 82463
238.78 800.65 17352
30.28 676.48 36905
290.63 706.04 23827
204.33 95.69 87807
348.88 912.58 88286
146.61 383.72 10368
356.53 143.84 21576
129.17 127.21 8851
244.17 284.90 80628
342.39 930.40 72779
191.49 118.72 69877
344.27 885.13 80614
274.77 250.75 84865
291.62 616.01 97921
161.70 198.19 68528
105.45 851.99 34304
6.31 783.86 63598
298.17 793.07 30001
298.01 174.09 66912
78.35 761.80 3598
354.17 132.40 45278
242.84 638.02 71707
80.70 677.30 80423
70.88 164.23 86361
194.52 476.69 11746
281.30 294.83 31457
30.49 940.19 78148
358.74 362.94 66124
342.09 875.87 87314
6.95 133.47 42151
328.39 308.36 43048
300.13 848.49 64692
343.83 159.15 71960
343.07 316.11 13028
355.89 350.21 86251
9.48 903.92 69317
278.13 889.86 74565
82.18 415.58 34720
169.82 264.53 99094
22.52 531.83 23270
287.64 297.25 24789
315.25 209.68 43137
8.06 900.01 38796
352.36 961.52 56696
283.23 329.65 18314
110.19 678.58 20543
208.49 179.46 82143
287.68 230.46 74990
235.22 284.03 39429
242.14 219.26 49958
352.88 534.28 76720
218.03 451.57 34045
190.36 205.52 13486
104.13 769.93 90963
40.41 738.44 96141
346.61 494.31 83396
328.96 854.90 16655
210.80 278.54 10873
56.32 568.90 96724
168.38 36.40 62022
213.27 557.19 86631
228.33 372.08 8934
106.44 818.18 46895
353.44 303.16 84285
116.56 643.42 83364
313.27 788.28 70352
331.44 746.83 95051
279.13 177.09 68669
202.67 289.09 75470
256.18 932.36 23722
73.68 266.67 64619
134.38 81.14 75418
85.71 435.45 51926
104.22 528.99 22210
211.54 402.89 42917
338.43 944.55 52182
78.11 967.12 45161
66.43 925.00 77612
123.59 674.23 43208
310.96 848.62 42635
54.19 525.96 81787
255.84 972.40 40772
103.13 40.73 63140
239.79 975.67 48404
137.56 684.41 38192
261.00 784.57 24694
42.65 625.24 56059
264.57 249.69 55996
219.07 258.75 45375
183.23 627.77 72455
159.16 806.43 40752
361.81 133.91 80605
73.65 650.08 88924
268.98 25.08 56841
78.98 28.62 81320
277.37 424.43 91721
116.49 495.04 68722
208.33 300.30 1747
214.66 93.05 41857
23.39 482.35 13876
191.13 781.07 94111
364.21 356.38 9935
346.46 135.94 90752
125.25 276.13 29165
295.50 620.88 20686
123.57 153.70 45811
223.24 364.57 67208
74.84 950.51 85388
162.34 801.56 35085
0.83 289.40 68076
82.87 375.75 22951
122.37 891.15 29781
248.88 649.33 53913
210.00 412.95 23280
56.83 851.07 26202
215.51 428.89 40641
164.58 507.72 50253
258.44 110.11 77958
175.64 305.70 59830
160.73 227.56 2957
18.31 46.32 52688
351.13 34.03 97868
349.95 53.53 4372
252.94 797.20 31512
320.22 337.37 38298
121.91 138.91 34130
188.22 706.57 80138
68.69 557.82 91186
295.24 183.88 45469
199.56 158.54 89654
359.92 265.31 83017
177.42 826.83 37262
16.45 473.15 73899
219.82 44.83 45759
323.86 507.59 77228
329.17 599.47 40749
259.66 113.14 26384
340.48 508.30 76868
76.05 289.95 48800
116.75 201.67 20383
111.29 952.12 39563
51.72 763.75 78507
63.21 33.96 66850
281.25 969.58 40468
160.84 833.64 15403
43.82 968.31 50009
17.76 698.86 33744
55.94 392.40 36381
236.39 417.02 6528
209.06 500.02 29105
60.29 582.97 75607
300.85 289.43 88124
89.06 138.22 45086
237.18 485.98 84865
83.45 566.15 5154
80.28 179.52 78075
283.37 602.72 90210
66.32 592.54 93633
100.59 144.91 37089
37.09 590.40 28252
38.65 889.95 36446
188.84 339.66 18931
274.52 723.66 72562
181.60 963.36 77754
91.72 122.36 18118
117.88 733.50 67868
44.36 154.38 40621
132.25 77.50 42813
85.70 505.99 63519
96.58 376.32 2476
290.66 82.73 11867
360.75 522.74 65721
342.34 712.86 64591
300.67 815.56 77210
265.08 297.15 14282
221.07 280.40 42080
328.12 28.87 40482
247.46 55.81 45299
14.41 527.74 3402
72.53 130.83 915
62.70 16.07 23596
160.79 702.19 54951
244.90 323.38 23600
34.30 947.76 90298
316.30 724.70 2151
119.76 548.78 27121
187.84 569.38 25096
260.81 164.56 18752
22.50 203.65 98679
7.48 631.22 1749
322.68 522.99 44519
333.27 971.52 16673
12.18 699.98 79802
335.55 619.11 21231
10.85 714.04 83921
152.24 586.68 93838
211.74 118.24 19856
170.60 20.46 72045
355.83 156.66 78323
252.17 793.23 51039
132.25 684.11 97052
289.82 832.49 17190
68.73 595.82 10209
35.05 215.14 43465
351.10 165.42 64946
27.58 774.08 19213
69.85 687.08 42891
149.73 569.38 53301
178.85 403.79 22673
353.33 647.17 80249
290.73 662.97 83946
146.95 62.45 91149
157.03 504.57 44357
223.52 828.40 90329
234.83 148.62 74663
231.12 663.76 40629
176.78 189.37 33400
199.07 635.09 61366
342.41 1.13 58462
171.21 562.81 29471
313.15 492.35 71871
182.46 975.41 70775
83.09 737.89 90375
209.90 626.02 29656
187.45 916.85 29202
38.44 690.36 7485
113.70 376.28 74438
129.14 463.77 26898
242.76 189.39 70443
354.44 715.52 90590
357.90 742.52 40354
72.59 367.48 87665
184.88 224.47 36932
140.75 902.69 59852
63.36 320.14 51478
299.00 280.51 60926
83.31 254.20 95302
329.85 252.68 6640
195.95 440.05 79003
286.14 655.99 89975
109.82 407.12 72589
154.06 826.98 35569
36.29 619.21 69082
123.05 557.64 6953
217.05 517.90 24640
340.80 950.28 67713
3.06 960.69 99334
49.53 658.05 94917
42.85 934.75 80611
77.04 250.52 18756
157.02 294.49 82324
108.29 864.01 97454
30.17 909.23 92175
1.53 165.30 19470
123.45 0.03 89137
200.11 509.66 87053
68.08 465.89 15466
359.21 858.99 40945
97.32 712.81 19362
332.93 788.84 27336
50.73 725.22 4396
6.07 553.25 86883
234.51 756.34 23521
193.91 287.04 52592
239.73 404.29 19148
219.73 901.58 16017
44.85 956.91 46674
191.39 897.71 69951
8.23 471.00 25937
142.51 900.60 43795
216.48 666.63 32732
133.99 33.16 80811
238.32 753.18 59187
100.10 572.93 30119
88.59 695.54 69129
243.01 865.60 62342
239.11 160.56 19232
237.10 416.27 20287
223.31 121.75 3752
174.84 267.54 46123
252.80 647.38 55043
138.61 941.21 99202
66.51 276.72 5503
323.52 839.05 51985
120.41 288.19 69562
353.73 405.45 60426
60.44 101.00 42700
310.57 217.73 91341
121.88 750.98 44276
6.04 744.09 80215
242.49 74.59 42194
276.55 147.63 26912
100.17 964.35 79940
314.83 197.78 26589
177.07 226.73 63545
209.42 936.65 27533
280.04 630.40 76085
332.29 630.42 10965
200.91 900.02 30100
96.23 327.48 35983
145.83 886.62 77791
226.60 954.90 24449
99.91 858.22 24909
175.15 807.78 94326
112.65 370.45 25752
193.47 393.46 34897
82.94 684.15 64780
204.02 346.42 86764
270.94 626.54 37763
96.08 500.48 4133
52.74 575.74 19788
356.69 908.77 79764
115.25 100.23 70477
4.04 72.72 34319
27.42 596.64 70973
164.63 753.07 56004
150.09 538.50 88255
345.53 64.37 28917
302.41 166.20 90392
348.63 642.19 69598
151.92 237.76 9443
187.51 155.87 68277
211.69 82.02 56483
47.16 912.88 90374
52.08 214.82 18277
84.55 886.60 59931
216.63 485.59 95903
69.26 729.94 86410
187.04 88.18 26693
150.06 337.09 23644
186.89 121.84 60220
348.91 470.22 63127
244.31 367.71 71310
304.22 56.72 20172
114.50 625.50 53572
281.90 328.20 30170
57.54 45.30 30500
104.93 118.07 90614
284.66 799.15 33796
322.34 781.00 31254
87.64 225.05 5357
94.70 592.80 86842
249.75 37.90 32271
66.25 710.39 54892
278.04 61.19 16048
78.34 585.05 87879
206.41 666.80 41743
64.12 366.62 98376
117.70 218.35 60010
332.17 22.51 29881
49.72 318.03 58542
238.24 369.64 11385
243.18 431.04 5397
221.76 914.02 95914
216.12 96.66 47529
283.57 883.72 18533
198.38 495.20 99724
255.16 33.00 49825
214.01 640.49 32358
171.79 787.13 47357
104.17 76.75 21677
216.13 439.92 5522
218.84 744.20 26989
263.03 452.77 94086
321.77 29.02 16308
20.16 782.54 89986
327.97 152.43 33328
59.75 937.81 20638
6.62 206.40 610
323.01 710.98 31760
86.11 968.55 64659
363.34 716.31 94743
362.82 665.86 12734
200.65 521.47 36681
42.26 17.72 19471
140.61 544.16 85155
182.55 345.25 63283
267.65 764.06 41957
73.39 126.79 67266
16.30 72.47 67680
359.19 462.83 4650
237.18 135.43 15470
77.45 629.07 70032
325.76 851.99 84544
126.37 907.44 40155
3.55 399.05 62932
216.35 472.04 93549
158.95 869.87 55452
250.09 376.61 43426
225.49 655.57 33359
243.58 457.58 64247
314.50 241.12 67211
288.92 835.74 26699
40.42 570.68 89924
294.85 313.15 13992
85.28 267.29 67219
52.47 111.17 17827
196.82 21.02 24236
68.02 420.61 4938
122.36 727.44 36090
112.98 676.69 50674
29.19 264.85 4862
174.24 119.72 40046
209.90 269.84 27494
250.90 908.81 54265
101.06 623.12 72585
74.01 545.47 12632
98.09 129.48 27146
131.57 256.97 32677
224.54 657.93 52699
313.02 167.04 48532
112.70 408.56 52373
238.35 869.13 5101
2.08 489.10 92496
187.51 800.56 93381
231.30 340.96 78816
85.50 858.52 27580
61.61 180.00 57367
6.22 560.19 63920
97.25 242.35 81129
222.10 330.35 44696
220.90 585.87 41803
322.97 363.67 72540
231.32 671.27 42687
259.86 345.61 95638
221.76 822.62 89350
287.92 130.34 72889
206.94 604.56 87624
182.40 78.67 64135
334.33 781.13 65456
25.32 281.79 62787
262.03 773.40 60040
52.03 968.54 33104
299.80 440.13 6278
43.69 545.62 40109
17.72 571.30 6347
10.26 187.72 15586
329.11 496.18 8999
184.07 317.68 81708
318.57 338.62 87497
322.66 978.20 11553
112.78 55.33 55284
114.44 630.35 87046
251.73 161.82 28378
186.86 172.21 83656
100.65 945.86 23817
93.36 434.74 48802
46.99 17.05 94931
275.94 745.70 28840
315.54 290.72 37970
243.32 212.76 22299
19.72 395.75 83967
248.45 551.81 49710
204.90 189.82 29520
195.82 250.49 22513
161.58 891.65 78267
358.61 477.88 69446
292.95 567.01 89589
64.58 716.74 57148
59.52 844.25 19418
35.24 452.97 67870
79.38 363.84 30498
338.54 59.95 62498
189.80 139.74 11145
116.41 254.38 43476
241.59 126.95 51030
155.30 630.94 61276
116.07 352.08 38397
205.32 353.50 57858
199.33 568.46 11211
68.20 634.52 58153
21.33 694.16 50384
303.50 769.48 27422
69.19 359.74 23510
72.23 793.88 73964
211.20 46.47 65728
226.97 853.50 18656
162.58 141.04 25867
184.88 525.31 34473
46.70 131.71 10135
256.08 27.91 8331
67.45 815.16 78187
78.14 143.12 1330
65.85 624.04 43694
306.43 173.19 10832
89.51 306.71 55075
263.09 712.69 55498
293.06 352.60 99178
47.20 572.00 63317
28.68 400.77 83876
46.06 208.20 68792
192.43 739.91 98107
138.89 753.01 13919
341.89 591.24 11819
184.69 949.44 83004
232.89 956.53 96299
317.97 138.98 36171
306.01 759.33 4221
156.36 928.46 32156
285.10 788.66 55822
237.92 647.16 71329
12.37 669.26 49209
227.18 313.56 60329
189.44 640.15 65881
141.83 933.53 82148
23.91 89.56 40604
96.73 484.13 43059
116.51 264.31 20087
225.47 363.83 35669
13.83 543.87 99452
190.46 502.93 67431
119.92 352.98 1308
121.54 435.14 81798
118.22 587.07 65232
198.97 115.69 73059
106.17 797.86 67358
144.90 177.47 92062
207.61 840.55 23065
284.31 445.99 26989
83.87 686.81 99256
121.74 641.37 72900
67.34 338.54 18798
9.72 77.79 80999
48.91 918.76 6378
363.92 971.02 68678
280.35 422.87 27322
330.28 291.00 13118
345.05 18.57 58241
219.47 85.21 51579
148.18 898.61 93638
87.79 786.15 92512
346.37 140.88 36146
105.24 177.53 70845
197.09 927.95 18980
122.66 332.53 58890
172.01 15.35 97955
310.57 243.69 44547
8.39 326.28 49724
316.15 104.77 80281
237.83 892.62 59440
238.53 423.98 2968
31.85 570.46 98631
231.90 603.74 3573
149.02 203.09 32970
154.13 769.01 5618
51.81 979.10 81398
29.53 701.20 52788
343.58 975.98 49644
357.19 628.42 12660
231.65 491.80 9472
146.90 407.41 10710
356.29 320.53 26724
170.47 70.45 1398
93.81 921.69 98773
86.43 858.69 11926
191.16 365.72 85394
287.19 518.20 53188
283.65 481.74 72018
211.26 922.62 16427
87.95 748.53 68837
130.53 446.36 18849
49.67 183.34 91165
335.57 427.14 43534
72.27 122.72 48676
355.74 669.77 30948
210.24 758.11 81394
16.07 369.87 25288
359.50 763.77 20103
337.83 535.57 94297
305.58 569.10 39841
230.11 117.64 58245
285.41 585.05 84733
92.35 925.59 36552
5.22 222.97 79403
10.16 963.93 44069
303.75 796.98 41031
23.98 867.49 99973
247.89 636.78 88361
282.75 709.97 52286
169.65 4.44 92004
292.85 156.56 72921
294.48 949.31 85846
121.32 544.41 81839
162.41 393.23 60810
286.03 487.32 1563
327.34 253.21 38860
169.12 817.98 88320
273.22 675.80 40700
16.72 30.28 96766
8.61 754.01 94370
318.76 501.76 97185
224.02 526.58 81657
341.31 762.29 14325
157.16 560.15 30266
250.25 310.17 4799
80.59 278.57 65824
71.13 186.99 71706
254.56 930.82 45732
13.50 217.62 86832
327.52 666.79 15946
258.59 21.25 88179
132.15 465.08 30151
53.99 680.45 44998
112.89 302.38 7332
140.78 757.89 22882
164.52 191.14 30012
167.41 441.27 17198
36.44 763.50 23739
140.39 587.02 58955
117.93 560.86 4230
53.21 78.28 34089
35.57 428.92 97585
299.82 121.73 4819
63.00 646.86 84089
349.78 912.54 1088
20.46 653.37 17609
122.50 230.59 94288
30.07 465.63 32738
180.46 160.95 37519
172.69 894.59 43442
204.71 233.88 25286
235.56 670.60 40871
251.89 473.45 76714
42.81 481.18 19095
105.11 32.15 10786
324.72 720.46 73907
50.67 456.88 89641
25.65 380.82 29129
295.27 449.22 40918
350.52 897.67 8721
318.99 424.88 78264
175.92 482.10 26042
191.64 567.24 50984
54.83 581.84 57326
297.19 31.26 49581
249.48 99.17 8200
120.56 891.40 75912
167.51 275.95 7756
90.10 801.65 83018
317.28 707.86 34823
220.43 392.48 3236
342.15 150.02 72265
300.76 836.25 28896
342.53 117.71 6225
83.53 47.49 38885
55.25 497.28 41753
196.13 201.49 10595
25.14 92.26 90180
160.38 412.33 42935
63.36 833.63 25960
29.22 633.74 51813
314.20 890.88 5394
183.31 882.91 74078
137.91 536.16 96155
33.41 11.79 88372
302.80 747.06 22252
222.11 481.46 50214
132.87 423.01 83356
327.35 892.06 97951
25.56 711.06 34496
352.89 350.29 82932
274.78 536.06 23369
267.69 319.45 6427
106.65 372.49 43439
118.65 404.80 81509
247.53 169.49 68531
196.01 685.67 63314
230.44 69.31 24683
11.32 657.15 67667
359.73 354.68 27790
339.35 613.04 4520
225.09 421.74 62527
140.98 296.64 96300
121.06 303.21 96014
359.10 267.32 11683
296.68 665.72 67520
127.00 41.75 48799
40.37 582.04 21863
204.34 771.36 5600
229.86 798.28 96947
359.56 829.66 23445
120.52 649.37 15810
24.64 705.26 29802
230.37 150.60 99680
109.90 282.32 42525
79.61 420.05 65214
246.85 855.18 46418
237.79 314.42 59552
148.22 713.28 26922
222.49 376.20 97579
132.88 174.78 21967
287.60 908.82 76054
78.77 421.83 10037
174.32 373.12 37723
360.60 649.75 85816
215.49 567.98 11515
103.24 865.28 62013
328.91 752.38 922
193.76 903.53 90253
175.36 629.44 12670
232.12 652.38 35947
18.25 137.78 86870
243.34 430.80 88354
85.67 594.08 77414
816.42 986.39 939 783.60
26.23 166.20 59744
796.55 48.59 53415
382.21 125.41 40552
90.26 865.43 20317
215.76 902.85 6589
383.27 793.38 92424
110.33 981.44 19251
161.59 54.16 17035
484.00 684.92 60172
306.94 836.87 35240
29.57 618.43 5296
117.89 727.51 82344
633.56 381.43 98459
449.36 564.89 77390
630.22 526.57 55610
532.47 905.74 76003
655.45 612.80 54396
191.69 513.76 51202
465.04 45.73 18662
458.51 662.50 21781
364.74 361.66 15508
329.27 57.25 93570
222.05 234.83 86112
421.02 448.87 135
140.26 42.84 20234
189.32 438.08 15147
212.27 366.77 60698
716.08 898.43 44107
654.12 838.35 16526
233.81 708.79 93788
492.86 456.13 97020
549.78 107.00 70113
35.02 684.51 39784
151.92 412.22 46511
344.77 753.28 37809
813.50 139.21 92021
32.87 680.83 39747
304.38 895.70 30861
130.19 890.12 21124
39.47 627.71 3953
194.16 698.80 6830
675.30 749.13 60642
414.34 455.74 86477
705.64 293.67 72011
594.24 332.57 2974
636.95 679.64 68658
147.33 311.07 90626
278.08 518.61 31555
540.99 618.57 74145
450.59 779.41 90764
153.74 133.89 81917
151.52 800.84 81624
32.46 143.42 86786
220.24 625.64 8783
142.27 319.37 51458
593.01 455.34 75679
501.36 163.62 7250
164.42 56.09 50921
15.75 877.53 88745
210.08 14.66 71003
783.68 686.41 36927
206.73 911.53 55984
39.05 149.28 33391
340.44 627.76 21458
417.51 919.37 96976
65.96 180.79 96493
186.75 109.54 50802
224.91 902.74 97982
396.52 464.81 3978
167.32 83.55 19587
534.16 549.63 12390
163.57 717.00 95560
354.43 847.87 56683
672.66 676.34 55253
443.49 228.06 61361
6.40 851.97 1488
456.55 30.01 38160
795.82 578.65 1490
220.34 593.71 41428
208.29 351.84 75169
612.04 69.47 58023
375.02 917.47 45862
0.03 673.45 24054
722.83 549.79 35226
562.21 896.20 20677
33.18 451.38 86970
449.14 393.13 5893
669.81 380.46 50511
745.97 240.79 10640
462.57 492.42 31472
384.28 164.33 14646
271.29 420.53 53961
471.52 252.24 6038
61.36 628.93 24174
384.75 844.78 33985
611.61 913.35 42454
487.64 581.40 4264
400.47 99.82 73186
775.00 240.30 20684
299.80 138.71 24650
48.84 931.35 16305
420.69 282.81 62158
223.63 741.84 58170
668.53 597.44 11086
470.06 525.23 62527
591.03 461.89 52373
435.46 495.39 43097
305.67 484.44 24007
518.96 540.61 1205
320.54 854.97 92636
643.88 798.99 26352
270.45 386.34 143
162.75 878.38 49624
479.60 934.00 8923
329.21 756.37 31523
734.96 686.43 14538
328.07 175.23 60373
580.67 64.88 50678
297.88 107.00 40838
621.31 477.59 91578
495.01 430.64 97103
499.16 568.91 92659
404.52 714.57 27252
534.96 842.49 3000
332.03 549.45 70217
87.37 307.08 27141
178.82 189.50 35206
246.16 670.94 63721
365.03 723.45 44496
438.64 678.06 79740
681.01 965.38 14459
203.97 474.23 54571
417.08 230.72 40929
298.64 189.18 62142
757.43 398.75 27476
368.63 588.81 26042
92.40 744.84 3626
307.00 355.27 700
89.73 544.42 35269
459.78 98.92 21459
583.31 158.47 70241
537.70 54.98 54054
553.31 871.24 8039
572.11 904.80 45479
319.54 923.64 86991
707.36 301.18 22378
391.79 658.90 1901
25.57 732.62 52548
86.04 333.57 13045
224.41 571.80 21581
773.69 374.87 25151
96.54 295.80 71297
102.37 202.87 45858
322.73 142.58 30215
457.15 429.75 15143
691.82 272.73 61425
44.50 284.14 11817
250.72 569.95 17274
521.77 564.01 74611
112.35 772.45 5025
712.95 563.14 86588
359.16 316.80 53123
495.00 148.32 75962
268.34 539.08 37671
576.16 275.06 87771
142.39 535.98 60636
682.38 554.56 43036
555.89 772.70 28382
310.39 694.36 96405
745.96 591.46 57459
122.73 524.61 79005
444.21 273.21 63079
429.21 651.86 68424
37.11 648.85 58140
746.67 851.33 60637
403.40 590.24 36000
255.02 984.54 33248
591.75 476.82 5027
101.46 538.99 96725
809.63 598.62 28642
59.79 309.45 59648
177.21 556.05 56725
262.11 821.59 70138
567.29 371.75 10637
485.28 147.76 11848
159.92 913.02 23963
94.52 506.15 58919
257.49 277.49 46608
218.40 735.64 93475
270.58 637.69 48017
638.56 286.77 8765
438.44 39.13 91569
530.09 579.22 47340
502.16 867.33 64879
186.91 699.81 95384
18.30 586.86 45784
526.81 78.27 30887
209.87 155.44 79397
609.82 401.76 26346
442.70 534.25 50537
133.35 38.55 26867
519.74 290.33 25645
80.42 975.81 53478
801.81 707.07 85761
671.16 590.75 86733
716.75 705.58 88077
295.79 443.81 92013
86.31 79.41 85862
241.57 27.78 55705
26.13 940.60 12593
222.43 33.94 16220
113.52 400.18 14542
674.89 361.12 23848
58.22 302.03 16701
18.25 620.17 5932
334.77 730.28 85041
771.58 577.10 67455
768.67 984.02 83805
408.92 276.48 96693
546.63 815.26 37888
692.47 795.28 5198
99.74 579.94 6244
275.20 984.46 18274
228.74 984.99 55496
660.16 193.64 58304
485.01 571.61 51512
456.73 193.82 26942
449.32 306.56 70011
810.51 172.64 24768
515.35 219.98 54220
543.58 408.45 38137
790.37 787.62 42032
621.68 700.04 65330
765.47 52.71 29183
90.80 791.82 97074
252.13 272.87 22562
479.43 613.62 61855
46.20 10.97 48380
174.92 790.28 68954
188.30 737.67 29696
250.03 930.90 19581
670.98 575.82 34202
648.22 737.33 94685
158.67 407.50 80223
457.81 73.28 16578
805.09 967.97 81642
154.54 899.69 94463
517.79 591.18 30803
139.50 622.52 76166
363.39 829.46 47956
526.37 816.49 9183
20.68 289.47 22458
363.58 368.74 65361
50.22 857.34 16953
533.61 485.24 55148
236.90 788.70 29861
380.78 61.85 51848
190.03 108.20 77036
585.77 829.40 19925
45.24 782.46 61168
434.76 513.97 66214
463.87 506.63 35568
68.14 631.96 83402
557.58 694.64 10670
539.19 242.04 90554
632.77 530.94 50854
792.70 897.80 93471
705.68 726.03 12518
544.25 608.96 14072
405.62 607.91 11196
129.11 137.01 1987
185.76 431.80 67938
209.01 428.49 72403
42.46 868.56 156
576.02 142.87 78732
381.73 825.65 64256
721.51 7.12 54561
672.38 211.06 83855
330.00 298.56 44301
170.33 183.55 20311
725.49 268.70 52199
276.19 188.34 97226
652.97 811.58 43256
385.65 17.94 31095
34.35 691.84 40871
527.77 87.98 78255
529.57 388.58 77761
153.25 836.74 88594
36.40 334.31 71293
399.81 103.57 34312
193.71 319.63 83916
308.07 571.87 84832
173.78 464.67 19943
316.98 681.67 32102
277.52 60.45 5887
115.56 418.87 99406
465.96 384.66 11107
315.38 409.62 74914
39.14 596.24 13606
401.39 563.36 72627
130.85 722.38 55220
719.45 346.30 79794
809.04 279.92 53747
265.82 944.98 29664
476.07 395.79 82289
755.35 637.46 78707
221.31 184.48 22917
639.85 707.01 43249
57.75 65.13 39415
629.35 874.26 53440
225.03 485.34 57332
417.57 53.09 56313
44.85 685.58 7121
809.08 505.08 57024
573.00 509.05 98482
440.70 26.27 87224
127.93 569.95 91987
264.18 665.34 36758
234.31 701.75 82216
164.75 878.18 35514
411.87 120.68 74784
129.30 705.67 52463
121.94 605.85 69383
361.58 33.73 48786
496.68 183.63 78530
344.20 390.79 91413
362.22 356.35 13500
623.69 762.50 30070
33.83 488.52 46953
514.71 160.93 37476
283.18 354.09 78760
626.45 172.94 53077
625.14 45.67 68621
540.14 592.63 28653
449.33 483.54 63103
592.39 278.00 78208
311.56 178.36 87972
402.57 465.97 78571
814.23 670.22 60824
785.30 864.30 73808
179.06 280.14 55816
777.19 516.45 36180
179.15 343.12 83549
423.63 65.90 66811
521.19 324.34 54916
203.35 746.77 92042
518.77 439.48 55962
214.63 630.52 64483
405.29 861.20 38334
416.74 99.14 26972
158.25 963.34 80174
585.85 584.45 76284
252.26 752.82 58883
743.38 30.93 94964
218.72 943.09 60711
323.39 27.90 42524
250.03 580.51 64781
696.66 642.80 31282
96.33 955.92 42329
492.59 212.17 3365
441.92 606.45 21016
627.28 781.92 24957
87.51 735.68 97167
561.05 59.19 12221
549.02 537.78 27600
787.79 448.80 191
718.73 474.30 99694
476.12 970.28 65876
612.07 256.00 32607
389.07 724.54 12705
313.82 386.45 47057
282.96 483.04 74108
609.42 968.88 34849
240.92 2.13 15979
584.81 332.82 42218
375.41 337.21 46265
567.80 672.79 55759
536.96 694.53 49526
214.53 191.30 25386
606.65 875.65 91572
620.19 679.57 36730
718.05 695.42 71873
726.46 73.50 76946
499.88 303.44 74773
113.33 733.00 4632
767.33 630.83 84510
544.80 458.16 92679
485.28 689.53 74553
6.18 688.80 68800
8.76 273.74 43614
349.10 343.09 94471
172.73 589.02 92468
3.72 400.62 61275
508.53 354.09 7432
273.17 859.09 76335
766.09 748.06 51924
628.00 790.85 6289
314.23 484.22 48898
760.25 658.77 64706
539.41 257.73 6998
61.36 352.87 27227
343.79 93.87 82666
36.41 478.47 78961
594.16 957.28 75482
114.62 725.25 41746
748.40 166.01 87429
646.43 954.54 75384
258.10 814.39 64514
679.76 191.72 97757
188.62 7.72 81398
288.60 624.91 95340
331.36 29.78 94592
479.91 956.79 84550
39.27 83.93 58208
589.70 979.06 75166
465.95 137.76 37467
528.57 573.19 16754
766.06 756.98 57695
196.57 591.46 74439
409.22 726.21 830
482.47 530.98 88606
45.57 100.68 19914
656.23 770.68 1976
137.34 801.76 47215
21.92 160.25 15812
322.91 984.88 5583
420.23 706.79 25196
270.28 880.85 77300
299.40 563.82 61084
61.35 467.01 80487
691.67 33.46 3744
628.16 58.98 31218
270.65 414.92 68847
550.76 449.91 50536
225.07 682.86 43690
739.10 303.97 54796
244.47 640.15 60601
150.91 463.85 90686
783.95 371.21 91245
347.99 308.35 66862
85.44 13.25 86000
661.74 351.57 35461
579.27 39.18 28147
797.15 406.87 55206
577.49 314.36 46855
643.25 223.64 94183
747.50 88.53 24652
289.87 421.67 15195
675.36 48.99 42911
518.42 854.67 87422
71.42 65.25 21754
425.85 882.71 33863
295.36 914.78 22354
107.70 58.11 74430
622.84 284.27 24600
127.81 770.33 87578
174.54 709.85 50078
694.52 482.99 52241
8.78 548.58 77085
463.89 241.92 65964
755.58 450.47 47853
263.76 692.33 39604
708.36 470.03 58716
667.00 894.94 15619
683.05 597.73 27743
595.77 826.91 56023
618.75 134.16 48557
700.19 221.30 44519
180.23 766.75 62550
26.15 618.49 61560
428.63 415.99 1720
309.10 924.22 43677
166.99 813.92 23783
664.62 553.07 4194
77.39 626.12 70603
685.14 375.44 51212
282.89 537.67 82391
676.43 917.45 2114
808.85 1.02 83975
510.58 363.15 94992
191.15 909.96 83562
502.81 157.59 7214
704.99 14.88 31660
139.42 804.49 18197
231.48 610.80 22529
6.84 529.18 71281
130.15 514.18 37301
159.08 391.65 19902
771.86 563.23 23892
335.82 565.29 35138
648.52 207.09 64999
48.39 931.26 93339
807.95 136.72 99730
140.72 616.47 20482
214.20 476.53 2178
91.85 21.85 99139
563.60 939.91 5137
702.49 848.46 49479
494.83 795.45 39251
455.05 710.65 30001
239.66 782.14 22970
564.15 877.21 70236
792.21 431.62 83964
772.51 848.15 69927
69.17 375.59 53213
288.43 850.30 2084
544.98 835.11 76282
627.28 935.88 94203
247.55 696.38 7769
381.78 481.54 76468
214.74 756.67 83142
388.37 940.99 2271
745.18 138.88 91079
20.91 936.47 79104
265.98 614.61 54125
649.72 340.76 43131
451.84 600.63 46937
420.83 345.77 75094
84.73 874.49 24754
380.58 116.04 45216
341.93 258.70 56743
271.17 764.43 12456
474.85 133.11 56779
753.56 561.31 65285
572.18 657.57 42322
159.24 149.14 87826
195.28 708.54 54627
592.63 608.23 79666
552.63 39.19 95779
222.22 164.65 60915
242.50 146.18 32629
174.56 734.36 99224
281.34 611.04 84390
670.93 916.84 8663
304.09 669.37 45911
682.94 263.53 55740
393.76 126.62 93828
541.24 61.02 15925
696.90 314.03 74535
513.52 614.22 9151
436.30 761.90 90936
42.22 928.98 95711
107.64 859.85 35559
54.20 840.33 60200
138.13 622.91 33729
369.64 768.77 69362
763.50 958.41 84738
127.45 349.62 19712
304.76 585.70 55370
317.19 84.85 95190
187.58 217.74 73332
493.20 512.78 36654
244.65 510.64 17917
126.68 227.01 5829
715.51 944.81 24147
794.39 65.86 12514
224.38 329.11 3576
698.28 309.15 18608
119.18 76.17 7653
364.23 766.01 43304
812.98 195.58 37123
411.94 60.24 82130
720.01 236.34 20116
291.91 21.73 11515
326.90 931.57 99684
594.37 108.60 69653
628.43 806.09 98963
247.81 431.02 15796
22.09 929.16 23992
278.81 984.92 12899
651.11 462.97 95232
291.47 260.51 49930
124.41 649.50 32074
534.43 348.58 49827
46.22 636.83 93445
55.07 193.05 42408
742.32 428.08 560
426.56 146.60 56120
56.94 120.32 31265
207.36 19.21 76755
266.72 865.13 61259
722.13 406.00 35725
549.60 645.36 53323
723.14 263.68 60487
158.43 12.32 29893
551.29 179.98 69746
102.09 910.89 65611
281.39 423.11 73696
754.97 717.17 95727
71.99 336.17 32726
350.81 687.96 84474
648.92 280.51 10373
482.96 493.61 93448
696.80 365.72 56474
739.25 516.00 28930
450.19 294.56 17934
139.70 153.14 38211
600.41 584.54 36916
326.61 892.62 65016
313.95 973.18 30357
689.50 177.23 49560
461.19 890.72 68328
751.05 442.72 72064
403.68 869.73 39892
353.90 891.93 51365
556.82 438.56 84441
135.58 692.90 17537
615.83 938.30 67180
529.78 537.75 48894
640.71 957.75 24197
449.85 785.73 59171
674.02 747.56 4304
214.65 18.61 96920
791.87 7.82 15036
51.35 980.15 37147
173.09 842.23 28723
377.23 615.03 203
365.78 400.08 74974
5.65 722.67 91944
658.04 726.51 71210
573.99 285.38 80095
116.39 432.18 8430
436.83 748.35 75078
157.44 300.89 34650
330.63 449.14 48384
119.91 661.05 52386
774.13 734.66 95957
155.68 521.94 27965
335.35 445.88 10360
23.72 347.40 19388
242.61 556.42 52561
16.78 471.00 61539
274.12 244.23 60209
682.12 394.34 41762
436.37 56.06 45878
549.80 393.63 62770
605.31 493.26 11817
121.40 81.58 47486
537.75 165.06 17369
639.97 766.41 77669
473.16 225.00 6542
118.41 254.80 50423
370.23 269.23 27854
704.94 9.96 55622
648.51 177.01 56948
215.74 370.12 24502
435.32 715.23 54358
813.66 249.69 7603
655.24 338.69 4359
147.90 809.18 8180
631.47 232.68 8064
676.69 436.83 66120
164.85 197.72 84406
84.61 849.63 14483
170.81 701.47 40012
527.10 332.42 32807
71.50 159.21 6138
574.16 319.57 78872
240.09 534.05 53917
469.57 303.87 36979
666.04 309.85 15071
50.29 806.72 73772
705.73 438.58 72127
594.23 367.60 12304
278.58 296.01 20624
423.68 16.11 81257
52.59 705.30 12775
527.47 461.49 90876
100.61 659.69 27196
656.00 738.77 49401
37.95 277.22 94452
225.07 299.11 33310
219.40 157.42 42856
781.48 488.98 95952
321.49 45.60 60525
799.43 726.29 94864
728.72 523.92 95501
746.75 267.33 98338
489.57 416.79 89838
813.87 630.54 86172
708.37 448.98 31988
366.88 151.14 86528
778.84 625.23 96058
372.02 846.12 4703
63.76 915.33 86635
196.88 131.75 41585
425.17 348.11 83066
442.79 255.44 90108
603.55 508.83 37789
168.40 58.00 77487
161.48 353.02 34986
689.96 929.75 9722
463.46 310.84 73936
658.14 354.99 77087
179.94 292.39 33177
383.37 610.25 69259
757.02 302.30 95300
606.04 742.11 54260
250.73 277.02 20563
134.66 579.63 31804
599.05 892.20 14897
709.89 904.69 43406
618.52 18.01 80953
649.78 4.86 78728
266.61 181.20 30064
353.68 869.83 24647
432.37 86.36 87526
642.71 528.29 79115
63.85 902.22 2270
342.41 290.08 42896
487.81 559.96 86524
289.14 341.75 17629
366.99 569.83 23792
208.45 205.15 84442
722.58 540.49 96426
2.05 227.89 57590
255.06 146.75 32601
564.35 885.95 60864
815.98 177.96 31188
418.97 404.91 6037
328.84 479.57 76900
292.54 269.52 4946
718.13 938.23 88071
215.81 796.49 75622
748.87 56.37 28847
340.48 292.66 79387
447.41 258.59 10790
195.11 942.80 35035
62.72 920.43 15737
255.21 856.75 7530
735.98 260.22 68650
113.20 760.91 52513
191.91 408.92 93130
534.83 82.31 20487
588.28 330.07 63207
197.23 722.19 28772
251.48 503.40 27972
806.10 499.81 87911
374.38 89.66 83130
651.32 117.28 93067
574.31 518.08 8145
464.40 207.63 41171
678.23 717.26 53480
38.06 916.65 4409
332.06 978.29 70879
778.01 468.23 83816
162.57 66.49 9788
422.35 133.08 83142
136.53 333.24 96985
170.39 887.51 5712
376.83 527.66 7741
501.28 189.01 92524
505.95 694.00 98555
468.28 56.74 94300
38.64 818.70 29993
659.00 236.16 36824
274.31 927.60 50959
342.05 316.51 94726
455.75 335.20 62948
452.67 682.67 55980
710.51 255.64 4360
1.84 76.47 71116
592.94 225.52 82683
451.43 433.44 31516
261.59 810.93 10794
124.34 975.46 26305
744.68 145.96 34827
140.40 180.58 80560
308.09 939.87 18208
241.15 233.73 34185
621.06 93.25 52574
731.27 41.43 13467
3.86 136.05 28612
802.46 357.23 63468
451.35 360.13 75061
642.18 727.61 67228
637.22 675.35 94994
204.09 64.48 933
405.02 666.02 37903
775.93 727.77 29626
753.32 941.98 13546
15.02 278.86 63735
36.66 847.15 91251
425.46 173.51 63331
304.37 37.16 94391
523.09 304.49 11626
323.12 690.12 684
579.78 410.52 57405
650.56 755.22 56654
568.90 469.79 51316
497.03 406.99 67497
485.86 100.03 32073
29.67 603.07 73012
186.43 119.83 75284
810.54 807.41 19094
776.12 578.56 10904
754.40 895.23 63019
262.04 748.98 75444
166.50 87.82 11462
284.57 157.87 89581
476.67 321.27 66546
115.88 779.95 38182
38.63 426.13 8442
749.63 867.34 54353
740.60 523.56 28002
551.35 731.66 31540
624.50 547.94 9432
601.79 334.33 72845
107.34 443.98 62869
775.76 649.13 38671
698.82 26.91 70418
142.40 472.36 82916
300.46 129.35 21049
301.90 290.09 60556
490.98 557.17 81311
540.92 476.62 63516
476.36 207.69 55158
725.38 745.11 70143
527.76 758.62 23833
776.43 100.31 41577
647.78 165.42 78109
482.75 606.51 34092
303.10 301.37 91171
394.92 163.18 69885
753.71 856.14 38155
15.52 448.12 73776
657.14 256.20 40120
221.79 356.47 10359
465.41 739.00 17718
151.26 816.93 29922
17.12 573.06 81671
355.70 898.77 3060
327.89 283.61 11587
99.92 844.12 68516
466.59 175.20 7727
611.47 154.47 82673
299.68 918.73 93573
787.00 76.35 42064
61.40 139.23 66470
687.27 805.90 71431
750.72 830.30 58415
255.18 39.29 26893
545.98 85.76 21263
492.63 727.52 72465
360.08 237.00 93049
420.53 192.41 56584
214.76 11.94 13596
137.30 947.69 67758
223.36 921.37 81261
609.72 520.92 36950
60.81 698.53 65678
87.53 195.30 54462
250.95 705.98 47770
234.96 982.61 47471
767.03 870.31 76077
418.61 163.83 73118
397.95 67.09 68405
417.31 571.58 23371
240.56 710.24 93069
1.39 793.49 75058
105.12 27.90 46016
711.59 380.41 7073
203.32 884.57 67941
513.61 42.11 77354
83.38 569.22 64824
681.83 947.29 29085
183.61 951.64 45004
628.63 112.86 21464
669.01 900.11 17626
365.38 470.11 77780
788.62 699.61 3966
692.92 149.22 53074
316.15 630.86 94282
491.13 433.69 95685
113.59 433.71 27702
166.41 43.71 51464
629.55 416.64 51571
556.96 761.37 73811
704.80 963.70 17891
126.03 945.37 44011
682.12 938.97 48574
573.86 716.78 39323
206.88 386.24 46467
580.09 942.59 26286
352.27 888.85 56546
667.36 362.25 41703
65.27 619.18 47517
257.18 176.41 38644
670.11 145.20 84098
725.02 930.24 74141
692.66 425.09 52715
50.10 706.86 66945
109.61 132.39 99875
339.52 917.44 74996
421.76 60.06 24673
569.56 168.03 5461
238.09 794.93 43922
430.27 14.06 93738
222.36 319.96 18839
81.56 599.65 17650
16.49 697.91 96753
610.17 769.51 20942
470.97 96.03 66204
63.93 191.68 98648
120.20 299.33 22006
588.43 539.41 2485
249.94 544.32 25320
151.01 310.92 93986
300.24 320.53 32748
144.03 461.36 63456
463.37 749.26 26797
640.90 650.13 20752
729.53 743.88 55572
350.97 527.11 13625
659.00 272.54 11829
23.30 847.75 84424
226.89 892.62 74919
246.62 657.24 30537
57.40 351.84 42809
449.48 644.73 90522
633.81 312.21 44771
364.59 364.08 72158
151.14 800.68 60611
287.16 658.34 42746
769.12 281.34 587
667.34 572.30 42294
100.33 71.55 33768
392.57 320.15 88806
94.58 96.71 12873
250.05 28.56 19892
666.88 365.33 41716
379.52 91.28 28769
572.14 70.56 5571
587.49 601.69 95778
698.35 648.51 39421
675.78 292.26 30797
139.19 486.86 86952
535.56 580.13 34190
736.19 430.67 15241
129.95 370.98 37 488.40
26.18 194.30 26688
62.40 83.14 25752
93.12 4.49 35973
31.24 284.12 76531
47.21 161.21 34329
77.86 12.77 350
128.25 1.23 88641
21.12 301.13 8492
99.77 44.14 59371
58.06 56.96 47973
16.82 89.80 47565
109.73 106.73 59825
81.31 94.25 12920
123.59 48.93 70335
85.92 119.93 47110
63.81 175.59 96986
9.70 232.14 22352
86.59 251.82 58391
7.49 312.97 13739
22.33 308.89 26023
50.71 317.33 18454
56.64 220.38 35093
69.21 12.59 91526
59.45 306.82 49231
77.16 168.77 1188
18.30 205.05 45431
98.38 122.31 69666
118.10 170.59 42809
22.09 312.06 71579
129.43 184.74 40970
73.59 189.20 9118
94.33 305.15 11405
112.92 326.43 76729
112.71 56.97 24681
70.22 166.57 21223
11.93 323.07 84472
34.06 11.29 20557
591.39 179.77 443 445.84
468.89 67.95 96545
469.65 116.17 31379
418.85 158.75 96749
479.63 79.86 77080
334.55 61.47 72967
310.54 34.14 68105
345.44 4.94 18652
469.28 136.48 57929
346.95 106.56 85827
474.92 86.62 48123
505.47 122.42 51619
309.33 44.46 3223
290.72 94.09 81708
36.70 54.33 92063
281.78 152.98 43013
68.10 99.40 79731
139.31 61.48 65766
509.98 29.69 3281
228.63 147.38 96096
196.59 110.83 32440
296.58 53.93 77086
105.72 1.27 60007
373.03 138.94 46383
338.36 19.12 141
438.56 119.34 15161
436.38 113.80 46446
485.97 71.99 59701
527.63 177.19 96239
195.83 119.81 57457
6.01 118.60 68689
424.40 29.01 94328
334.20 20.10 7792
358.56 108.57 8012
300.12 34.82 37738
185.91 40.80 73861
340.80 61.25 91191
7.90 26.81 39980
512.90 61.24 30974
440.94 66.24 81479
410.84 91.36 33625
108.11 132.31 17546
505.36 132.53 47806
341.66 149.08 50188
184.53 92.02 93639
299.39 82.36 9069
258.25 54.29 83282
77.49 154.87 62561
278.89 39.94 7063
540.66 153.00 40017
56.42 18.34 69454
584.51 177.51 49676
16.42 48.18 19957
412.86 142.76 51938
492.05 9.18 18591
514.14 112.65 44434
370.54 46.41 60286
300.31 75.32 7363
7.23 94.88 62344
280.30 51.63 33964
451.92 112.66 61806
365.92 169.65 50815
267.27 48.83 87525
65.56 59.06 82236
422.19 159.99 89858
112.06 41.59 51935
208.90 129.55 19739
472.91 82.85 69388
484.93 7.94 23053
445.73 16.26 60671
341.45 66.15 60734
413.34 57.48 16999
586.17 10.45 94824
352.20 108.72 37221
79.96 84.56 17333
265.33 137.85 6312
509.15 104.48 5655
315.65 46.75 2915
273.62 158.46 940
485.60 128.83 83086
268.76 139.80 20492
237.95 98.13 36902
137.06 95.66 24814
513.46 43.37 33992
506.85 1.59 96960
433.19 137.28 89357
91.41 115.23 55807
514.83 125.84 62923
98.34 174.31 73803
508.07 178.22 71149
4.55 75.40 85958
74.78 43.41 81486
250.48 40.12 71749
465.93 17.03 17529
299.68 43.98 59492
315.15 173.14 4681
224.84 161.56 10133
256.66 24.40 10694
441.43 168.97 73662
373.52 127.36 23368
56.26 24.70 71626
222.95 117.30 30569
298.34 66.01 47290
530.45 173.98 50356
490.28 47.01 56065
85.22 72.74 78735
206.75 34.95 2025
485.83 37.33 82047
143.58 94.03 98968
585.10 72.39 85114
454.63 46.17 45538
84.81 161.65 94792
261.60 82.31 33715
324.83 12.01 91580
435.85 148.25 67275
296.87 115.69 21593
235.22 49.98 30821
331.40 33.45 23011
33.30 12.32 5820
155.58 101.14 88834
159.45 67.48 27278
574.71 135.78 83930
590.83 167.54 21852
460.41 167.11 62609
391.43 108.01 44473
352.91 116.00 62970
492.96 150.19 36012
297.67 152.53 53517
307.10 109.14 39634
88.85 43.14 61456
508.67 135.86 21265
374.68 92.99 59638
460.49 97.91 25453
17.47 32.22 99329
411.36 3.44 3493
123.39 42.53 4193
163.02 126.88 86284
256.15 154.29 78553
420.35 60.60 29815
294.90 106.61 84207
422.19 145.40 93782
560.76 26.78 93390
411.92 73.35 49804
469.79 137.96 1737
219.02 169.28 39907
500.75 107.00 13574
291.09 104.25 41201
85.29 3.74 76666
370.39 18.54 88014
34.54 19.06 14014
295.68 16.90 25426
325.48 158.18 37153
110.90 7.01 30895
287.94 26.77 8709
549.73 120.54 23038
202.91 5.85 44555
569.87 143.45 1095
71.54 164.75 39857
476.50 122.24 6909
242.37 57.24 67119
18.35 13.80 35291
125.52 128.96 4738
339.06 69.14 48472
452.97 65.18 31991
361.93 110.70 61960
349.48 121.04 47655
353.11 165.91 25654
501.94 49.22 94677
14.93 88.83 34897
565.82 167.61 22978
543.25 101.59 67224
190.38 157.12 15050
90.84 28.59 54438
197.80 120.69 64472
126.12 1.14 85561
13.80 88.45 73511
306.70 114.54 82825
198.98 67.06 52809
445.52 146.11 73984
533.66 8.50 12617
175.54 47.36 42045
553.75 162.27 84796
148.42 41.42 58857
195.75 101.48 39852
499.20 18.19 8697
123.09 76.34 31975
321.66 55.35 15655
296.02 22.13 73988
27.94 9.22 11105
266.94 71.31 67277
468.74 78.48 28621
196.84 116.97 9541
40.70 89.34 51149
515.95 115.79 83240
262.17 123.86 20772
113.89 163.06 21015
328.26 140.87 5533
351.46 23.81 22746
502.83 159.26 54861
464.09 18.25 80687
398.53 174.65 77779
543.99 108.74 99978
97.86 11.36 73635
54.17 77.85 53946
502.68 77.33 14240
294.85 45.62 88154
389.88 178.87 3158
362.93 158.96 36752
464.08 135.14 93058
2.53 81.41 10653
575.72 18.34 52583
219.72 133.99 65372
436.75 43.78 4353
301.10 168.36 99562
561.38 159.01 9948
78.31 166.43 37957
422.17 135.92 14067
91.52 172.34 70467
7.01 12.17 64589
133.08 141.62 17713
443.58 67.09 80929
354.67 117.81 62741
393.30 51.81 24256
367.16 6.77 26709
281.62 104.59 60117
457.31 74.03 75396
87.51 169.09 9533
96.95 162.13 31098
470.35 113.00 69020
396.28 146.26 50320
307.01 166.62 19078
305.00 58.38 90737
372.89 132.20 973
10.14 140.99 64329
453.78 150.70 83860
417.06 122.76 41095
423.64 66.36 61014
444.38 136.05 42349
134.89 10.18 88266
366.45 118.34 75811
19.19 160.98 32740
122.70 2.14 17238
142.59 162.66 78548
472.38 112.20 22161
236.01 171.52 80955
457.95 106.52 98873
589.04 112.49 82131
449.46 145.94 59614
532.66 24.23 86483
170.64 73.26 80354
137.18 77.07 16674
502.10 108.79 15762
218.12 58.96 54835
514.88 35.25 83937
360.14 166.30 8795
449.74 86.48 6528
231.88 82.88 45147
275.18 59.84 51141
181.11 32.67 42481
432.27 1.51 72752
293.14 178.27 933
386.27 53.62 1476
335.58 44.48 46173
1.71 22.70 74772
525.19 151.32 89109
349.41 54.61 45795
492.45 132.75 46521
298.15 158.75 95581
149.02 58.97 77278
354.33 176.65 75748
137.54 165.45 47674
320.41 50.03 97178
309.70 24.05 89065
244.64 33.56 67640
113.53 144.38 62871
111.83 2.68 67579
119.72 110.58 90342
4.89 25.37 36561
378.07 70.23 96943
523.63 105.29 20502
225.97 166.42 34693
151.83 110.64 95120
458.58 167.45 1762
96.09 70.30 41539
444.51 112.68 85676
232.41 161.85 6176
439.93 159.99 17555
44.02 124.59 67559
352.66 155.03 97847
180.51 177.31 39830
69.56 102.77 36026
539.14 132.70 17368
399.59 104.92 18695
178.53 147.93 6149
587.33 38.05 69531
225.49 15.65 7177
26.42 179.56 14782
319.20 80.01 83070
403.80 111.84 74491
262.56 164.34 34290
262.34 171.12 60046
22.93 83.40 88811
160.40 176.17 5388
462.21 4.81 72288
235.20 171.00 36946
419.34 127.08 75163
300.84 133.99 69068
317.10 161.17 66662
262.41 35.81 19968
223.58 77.95 54201
99.26 93.09 84066
87.34 134.70 38144
324.43 176.91 68821
77.38 164.55 88556
266.74 30.50 30085
348.10 5.29 37843
536.63 59.56 96634
128.34 7.51 43886
79.15 126.81 95723
321.11 46.33 26991
34.22 131.26 45522
275.24 168.89 32825
210.82 103.37 89752
377.68 67.86 96452
460.81 165.77 97592
533.91 40.30 61681
171.68 57.94 46529
233.73 15.17 67306
471.45 155.03 28067
87.16 78.51 98622
462.05 97.02 29190
316.23 38.35 194
229.11 124.79 14457
259.73 174.63 28497
243.83 49.12 87619
169.32 123.74 34662
483.41 62.33 69320
220.59 113.97 19478
97.66 133.51 92797
197.75 117.30 2578
223.02 108.91 12156
139.20 141.29 21540
213.08 103.74 9419
82.23 53.01 77635
120.80 12.77 49863
412.82 132.40 12720
422.69 17.99 64242
38.79 29.94 30361
267.20 77.57 32304
187.17 39.90 82475
459.82 30.85 18134
154.28 44.97 70871
30.16 33.86 49959
332.70 99.69 14197
534.81 71.94 97585
326.36 82.94 71385
517.17 35.73 31161
390.17 104.59 93441
320.42 37.47 30070
483.52 65.99 22471
145.31 19.14 98932
513.87 162.18 28155
170.82 117.47 19940
538.97 40.88 42407
486.87 135.68 80648
7.50 52.44 47609
505.75 137.20 38023
166.90 117.25 98483
83.58 6.62 14194
70.03 15.13 52529
197.58 75.34 44835
580.21 79.82 73384
529.90 154.07 78926
88.41 160.80 38658
328.26 175.75 45534
185.89 131.17 41527
550.12 139.75 86922
405.50 16.29 52897
400.83 86.16 11156
143.97 161.95 44671
453.52 146.87 29962
425.16 103.66 73918
196.79 112.64 10777
220.58 115.22 73319
268.40 122.03 17529
181.37 50.24 24526
66.82 170.79 85072
275.57 179.01 89295
23.21 167.07 16456
83.25 24.93 91404
267.10 155.60 89250
572.93 86.38 87035
317.35 128.89 96187
21.63 16.55 58082
121.83 87.00 2397
317.49 135.54 25348
370.04 167.17 78311
141.52 3.39 68085
181.41 1.96 82164
198.05 39.83 76416
493.67 165.46 14947
434.11 82.86 45012
422.51 58.59 98350
102.25 13.79 24160
348.71 12.59 73561
586.73 87.61 96717
8.68 24.46 63701
575.92 140.92 31049
189.04 46.34 61230
356.60 78.59 16238
539.10 89.11 76450
382.41 90.75 34373
74.23 75.40 75481
486.67 105.54 64403
91.91 43.70 67543
63.35 144.40 65432
303.77 153.03 87129
15.20 64.74 30916
55.45 4.52 26243
213.79 8.32 4745
228.20 148.20 10644
540.26 39.46 40250
410.79 3.52 34546
103.55 170.50 82383
562.15 170.13 25103
497.24 171.56 8063
447.67 51.88 76714
441.30 1.55 42493
62.56 52.07 32991
62.44 89.22 9689
117.66 146.16 17896
565.55 13.09 11323
41.52 156.54 87996
467.95 17.92 38847
495.42 78.46 4483
21.02 2.21 24520
448.38 37.79 27588
376.39 38.85 77284
62.74 134.20 23314
130.91 86.53 5359
480.23 23.70 13669
494.49 106.27 26388
322.49 166.79 26319
383.22 152.00 82926
249.09 848.08 18 497.05
12.28 636.37 86430
110.88 384.53 10341
248.50 735.61 28055
5.69 46.75 69961
146.64 15.52 12885
134.85 798.95 94688
97.59 556.89 46404
59.43 194.61 32095
41.56 166.11 31584
205.81 636.15 17146
113.12 640.00 7697
174.42 667.02 61924
119.00 359.95 98651
125.21 456.60 66023
181.75 573.16 90563
234.79 773.54 70708
18.43 365.92 98300
216.61 811.41 59033
783.43 165.90 165 535.21
288.83 81.29 31215
180.87 21.09 86750
161.00 33.05 12054
736.08 30.48 80764
500.88 14.45 46912
172.20 159.90 84332
691.92 109.18 59714
84.49 45.50 40919
12.86 24.01 53615
397.47 16.57 95613
195.72 108.18 24092
385.89 97.19 38969
452.41 19.75 66807
589.15 78.25 25149
458.30 77.65 91292
117.23 20.87 48565
153.04 19.41 31157
461.05 95.75 53813
454.40 42.12 12205
541.31 7.77 39855
727.98 66.97 7650
512.43 31.33 45311
777.10 68.35 92366
29.17 92.95 78662
266.25 18.03 47523
327.82 30.21 94017
622.74 28.32 70865
90.77 6.60 24705
431.02 156.11 42021
217.81 131.70 65435
49.63 45.46 69572
216.05 99.92 46679
531.10 156.53 54565
508.94 60.44 48163
198.69 52.32 30036
39.38 55.40 36350
339.48 165.46 2124
239.54 11.61 92334
759.90 40.93 73696
233.66 117.43 15540
75.75 10.98 21971
686.46 28.70 68600
269.45 1.35 50525
676.95 91.08 85130
703.57 138.78 70449
33.49 124.99 99259
699.49 96.12 79495
174.51 71.10 3516
38.88 161.24 9787
206.73 131.46 92538
626.69 110.38 71687
470.84 118.12 15166
128.22 27.19 58130
741.83 159.20 40238
128.04 165.69 9185
28.07 11.00 32176
70.16 57.03 76353
84.19 41.83 75310
597.53 100.41 4988
99.68 161.72 94341
609.78 141.78 18099
333.52 129.28 5184
353.03 82.68 3842
303.89 133.41 1787
551.72 23.27 72310
187.60 22.89 77322
376.51 125.25 18028
722.68 163.30 51051
70.24 162.91 97493
300.81 136.76 18129
78.93 116.52 94505
496.49 148.51 51950
751.81 64.81 64354
607.00 18.57 57372
597.90 158.61 40611
330.71 102.78 2268
110.44 3.34 74184
114.15 123.39 53568
97.97 33.86 43273
669.59 132.08 22668
300.17 39.65 92480
663.09 41.58 4561
487.41 155.12 30635
136.50 161.48 66868
733.46 60.17 7030
262.21 62.70 58655
267.02 110.23 29217
645.02 23.74 90213
539.06 6.34 64745
370.86 133.30 24580
469.94 124.79 16056
235.88 127.45 20975
354.48 13.36 21153
104.36 84.00 53610
274.80 147.20 57383
696.99 87.12 55935
396.43 104.03 62533
432.61 44.51 26548
44.40 113.64 51500
583.59 150.44 95031
136.21 2.25 70796
754.18 32.97 3209
423.95 47.76 53272
544.15 89.78 95455
246.63 42.56 2382
476.64 44.51 63719
127.99 144.37 16537
633.42 36.41 7378
86.75 54.18 77337
406.08 86.55 9038
658.32 148.27 63682
342.31 103.20 16422
74.00 64.85 83054
181.22 165.77 92005
74.58 146.62 68692
245.00 50.13 17709
271.47 16.33 54611
121.39 154.05 1093
311.25 58.46 49710
555.60 33.27 38369
589.61 46.93 21624
687.49 35.07 88926
675.62 109.60 44616
432.49 135.88 97962
81.62 0.32 21238
780.06 130.22 79947
162.62 99.76 46034
14.54 35.73 95038
274.65 100.79 41319
122.33 65.80 2606
528.16 33.80 1835
340.93 4.88 36015
547.10 147.72 73657
379.36 76.75 26775
89.34 83.41 73129
682.41 50.99 92727
299.36 105.28 84034
364.51 23.40 62235
540.38 50.54 98022
740.29 106.92 33317
546.67 140.49 63358
159.25 24.91 90023
56.26 159.09 90378
661.87 90.05 78499
412.13 112.99 84240
408.04 135.27 91207
461.90 19.15 46710
624.93 151.76 45902
749.36 62.65 77197
736.43 32.28 30
563.91 153.54 86013
356.36 107.85 76836
231.52 103.58 95889
67.36 34.42 66409
211.47 72.85 33367
738.30 68.80 70152
221.73 164.58 4650
598.56 34.65 13998
265.09 111.96 38681
642.35 136.01 46225
526.73 149.94 76513
469.31 148.37 59901
89.39 97.18 35104
303.59 28.08 43270
135.29 96.78 49336
367.40 600.14 119 892.42
135.36 418.26 1639
351.03 40.96 29893
222.06 298.74 6194
84.03 352.20 6214
257.09 522.77 86765
255.81 300.63 96713
202.35 581.43 82337
102.52 499.50 18772
329.41 457.57 25214
112.87 499.54 59937
227.46 477.54 55993
225.31 504.66 95777
286.95 63.05 37333
18.08 186.72 37240
314.47 242.93 34341
359.40 153.46 38258
133.90 425.73 75797
80.31 385.42 66158
220.93 503.77 50655
189.96 404.79 2530
225.17 502.88 95824
159.39 243.55 93826
298.67 487.33 81974
261.07 441.56 15602
205.12 192.54 6225
282.11 505.21 73760
334.21 179.23 61798
205.03 582.50 36556
233.28 268.48 15618
314.02 94.72 36350
116.12 166.14 35419
40.17 361.36 66734
294.77 414.55 69440
116.06 310.98 43339
187.04 205.14 90347
327.73 338.05 90348
356.69 573.31 21456
209.01 527.61 7936
52.64 513.63 65537
331.96 585.80 87840
11.76 91.82 21265
311.54 568.30 50619
312.56 479.36 22911
168.87 223.15 33723
290.42 281.24 55409
165.01 518.17 15668
282.55 142.94 71391
322.33 72.37 55009
174.05 541.33 89970
27.31 45.08 27262
25.64 56.27 65207
359.05 469.63 47259
182.40 401.76 7212
54.89 500.27 16851
23.75 314.63 72172
169.74 229.75 54829
288.96 558.63 331
174.72 88.84 26660
332.63 157.52 29175
238.46 37.36 99872
17.53 401.77 96999
80.92 5.34 96931
329.06 334.19 34646
282.99 506.13 43209
9.84 26.52 38500
116.41 553.86 49897
134.55 25.47 78021
118.31 489.13 62517
200.73 597.75 24257
133.16 297.72 48183
59.31 24.84 41884
37.31 230.86 99355
120.32 505.53 9372
356.44 462.87 6938
210.66 285.05 18427
266.54 266.27 66595
162.57 102.38 42752
7.18 131.27 90540
293.20 29.45 94923
79.76 423.80 28436
302.86 177.19 79209
59.51 587.70 33909
239.04 369.99 96714
31.12 399.86 75545
71.80 326.00 78401
189.81 29.31 96854
363.99 197.37 83771
94.91 291.13 18598
211.99 94.88 60538
47.34 582.89 69255
253.07 504.47 45273
313.17 158.77 840
292.32 53.67 1784
70.27 589.06 44063
339.33 520.97 87527
12.05 113.76 69967
351.80 211.79 60292
253.12 258.00 96421
87.51 368.05 59639
189.73 497.23 42347
301.03 265.41 36944
34.52 342.53 98259
109.93 258.99 23298
174.78 276.75 97798
13.95 117.15 37026
179.80 65.37 63222
95.82 80.60 38754
77.87 339.10 47739
128.77 133.82 83184
130.38 590.19 10401
192.11 148.99 93284
354.54 219.98 46836
172.74 547.75 48591
227.94 211.92 76622
38.82 125.82 87940
308.48 11.53 34577
306.87 569.37 2193
77.47 36.36 67021
71.09 138.73 62466
899.22 731.86 175 710.77
700.88 559.83 60867
486.95 57.46 97531
181.54 7.85 53759
734.21 269.44 1507
197.58 119.38 56275
325.05 341.30 404
264.26 407.19 125
193.22 413.73 5226
302.78 674.41 78947
461.84 99.93 88549
395.87 590.46 87613
147.38 85.13 42687
566.05 171.31 6031
720.55 248.96 72866
460.06 330.29 16936
23.61 314.48 8843
328.70 699.08 69658
692.49 343.17 65345
426.63 592.31 87174
267.19 643.79 81548
634.38 217.25 82598
819.25 691.59 9482
869.01 211.73 18303
573.23 258.80 88588
559.42 439.55 62418
821.80 488.04 83521
483.49 701.07 28714
12.86 42.99 82186
295.87 570.54 43600
751.68 681.23 78241
304.19 304.09 93935
805.23 645.12 89482
117.80 561.29 83502
137.11 496.99 11396
778.66 690.98 6508
601.59 511.62 89107
801.47 484.08 66481
258.67 12.39 42145
544.97 87.72 64546
576.74 577.63 92375
68.10 701.95 1876
321.40 610.11 91430
863.03 36.02 72195
303.26 430.70 83539
800.46 33.88 39729
167.96 684.24 18427
209.17 310.51 11188
300.77 255.51 77780
319.23 459.66 61748
113.07 548.45 46609
274.49 646.31 53328
354.77 279.98 4329
798.60 262.48 78688
825.69 431.03 57205
842.77 623.35 59127
802.51 219.56 38505
883.62 70.78 38221
890.36 555.62 53066
31.92 458.35 80463
272.51 624.39 41566
368.97 522.26 8897
714.97 424.48 70295
676.33 89.97 28159
722.83 446.26 88094
778.39 490.65 54999
234.99 347.87 77430
168.33 138.97 85334
425.57 609.95 79481
640.99 171.07 89785
245.66 395.82 328
231.35 724.02 36496
846.38 219.08 13038
419.81 581.94 65080
50.20 702.95 26623
671.42 703.82 4812
810.70 413.01 38230
721.88 434.24 90322
568.60 488.25 83954
480.46 468.85 8094
187.72 554.98 12797
394.34 151.47 25640
707.78 167.37 16398
600.04 559.33 73624
891.00 124.63 88235
98.21 195.72 17184
860.73 88.07 72874
796.25 371.54 49052
145.66 716.53 65741
859.38 284.24 81367
607.51 133.54 61487
892.36 157.56 5775
568.14 540.48 39154
513.59 82.30 78115
306.60 651.95 48170
135.94 333.29 99110
163.76 95.33 21243
272.85 550.24 25550
236.38 530.87 56395
784.62 591.12 6759
832.01 25.05 80620
336.95 122.77 93270
116.54 612.02 10593
114.35 176.68 83453
774.73 506.38 44162
105.71 264.77 79131
889.48 231.96 80358
764.23 24.67 23815
182.48 65.79 31406
95.16 307.37 75609
893.68 226.59 94865
827.40 717.80 40303
855.91 412.42 82291
73.39 160.83 26086
126.37 89.44 65044
664.06 569.17 66996
392.84 305.39 33353
440.91 199.32 67040
809.68 405.25 98119
810.98 351.56 16091
464.64 515.11 44186
420.29 213.79 21780
431.85 181.35 92323
53.13 385.75 81762
458.34 614.08 55905
263.16 108.43 25586
540.46 681.49 90978
417.86 142.87 42290
267.05 543.27 39547
868.75 426.33 93723
604.48 23.76 25224
282.38 480.23 56456
314.00 619.01 89875
370.50 560.58 21904
78.77 534.01 94410
104.26 714.78 51156
678.96 708.68 57432
747.94 184.80 73581
388.53 508.75 65432
75.87 80.66 86466
535.88 401.13 55605
481.02 465.17 26578
857.29 425.08 19518
597.09 354.72 67618
79.21 263.89 82416
872.50 579.55 56175
526.95 617.89 78155
345.41 227.49 51072
209.19 267.71 33780
681.93 692.90 25780
22.29 445.77 79914
234.33 704.39 78670
636.62 650.23 93286
424.71 677.15 50329
117.03 301.95 48454
142.13 596.46 73746
764.64 273.84 92322
47.36 229.36 9031
584.96 423.57 2133
795.92 555.02 97347
29.00 167.10 8001
511.49 414.01 81643
335.55 374.02 68340
783.53 36.50 53246
269.02 656.07 90451
696.00 246.82 90833
777.75 89.97 95865
789.60 56.12 58649
697.83 298.07 23860
63.38 53.72 69031
738.83 522.87 72253
652.64 108.84 31821
110.86 573.04 11683
332.37 627.45 3636
340.62 595.68 51067
146.53 614.19 79340
767.60 320.06 168 460.48
354.47 290.42 68400
325.40 245.20 74857
54.00 62.43 183
177.49 33.64 17638
516.27 296.50 24567
88.57 218.10 11342
277.36 96.14 4864
576.66 197.91 8732
611.90 81.61 92239
655.30 195.00 88736
659.36 58.99 78831
338.49 230.87 38390
648.73 63.20 78611
63.98 153.41 84740
559.00 153.22 55304
485.71 311.03 29262
479.61 13.13 70221
697.30 166.84 74088
740.98 267.39 54219
252.49 305.07 58473
450.64 150.41 73706
482.93 241.98 96248
209.05 34.62 52504
383.80 265.97 10259
623.83 42.68 37114
361.86 305.27 4557
750.76 314.80 94353
64.38 159.78 2899
90.66 225.14 80617
251.33 40.06 36499
412.19 73.37 55887
434.03 189.11 67325
296.17 37.21 84022
551.14 145.64 88213
374.63 185.51 40367
419.46 83.01 53439
601.00 119.57 26124
439.32 22.90 69059
298.94 191.04 81819
244.16 94.25 4915
528.87 127.46 2016
109.02 284.73 92044
418.04 157.35 73487
387.34 255.89 40484
130.78 166.94 9751
746.63 113.31 78856
407.63 29.35 57744
237.98 70.34 81478
519.79 30.20 76391
126.13 191.09 18264
244.84 254.34 16929
79.32 88.96 2099
347.97 84.84 76750
69.63 190.90 79675
313.18 97.05 45987
272.53 95.01 9715
0.15 307.97 16683
534.78 224.48 38201
311.81 255.44 58509
293.70 235.36 50673
493.54 203.73 22040
349.86 54.00 71313
320.91 0.18 66826
674.62 282.03 76429
560.62 118.26 11916
561.98 75.87 61588
462.96 176.19 30070
570.03 155.47 53954
33.78 60.01 51472
675.60 305.76 75357
170.74 199.60 51488
43.51 12.42 94641
578.05 130.89 16006
67.80 231.91 57236
604.36 212.28 60809
72.01 66.16 87186
536.82 139.37 60573
425.48 228.22 59408
13.38 231.41 29936
172.12 214.04 49054
407.18 85.41 71997
677.99 135.41 34828
166.96 255.48 94402
203.60 249.25 12477
380.98 84.77 74032
756.95 235.79 17395
28.22 114.40 82304
202.03 144.25 70587
39.77 131.10 83282
88.90 180.01 53351
63.18 115.07 34773
473.52 204.61 48035
555.22 94.55 25804
685.97 70.78 826
295.31 301.91 61041
516.58 75.65 3097
296.19 166.11 56849
277.60 234.25 92486
322.25 105.96 88554
221.48 138.43 97606
110.14 117.79 99208
489.04 283.41 98627
103.10 59.71 57042
723.37 34.00 36288
479.30 240.55 11054
518.85 115.67 41313
254.75 106.72 17941
374.89 231.15 78810
408.36 75.41 3495
236.31 268.87 59776
394.41 255.65 19958
547.40 13.72 29452
742.13 53.54 89394
207.28 199.28 57378
695.07 125.09 89491
537.12 214.81 48272
21.75 279.73 52266
262.59 288.50 79753
455.72 194.69 75801
519.57 154.51 15021
72.93 9.37 26020
587.02 111.00 52677
122.95 209.89 79809
360.82 205.87 60377
325.31 160.10 48121
481.73 249.57 85497
673.81 162.85 14874
182.14 128.90 50906
707.32 253.83 85255
451.55 32.62 79968
166.19 260.15 55387
13.69 123.84 95689
612.22 216.22 57141
666.36 244.85 64469
592.16 103.54 98324
65.44 84.54 39377
256.44 7.40 6035
453.79 31.01 317
567.21 169.11 55005
496.03 311.16 90995
579.17 227.21 13905
761.93 94.95 24253
45.09 4.57 75421
451.79 283.36 76406
358.00 225.63 35507
39.98 307.40 68985
703.68 103.79 47180
588.06 215.56 15358
50.24 11.24 80803
749.99 54.52 90751
31.25 79.77 90918
118.28 131.07 22222
630.20 244.17 2201
146.68 243.62 29623
340.73 103.70 21645
348.54 95.04 30087
183.52 2.40 60924
243.75 39.02 57817
344.60 52.53 59681
710.29 175.79 14079
325.72 155.72 31152
132.60 35.42 87666
762.95 309.04 39850
175.31 312.31 18437
238.73 84.12 13819
233.26 210.41 20983
327.62 301.90 81229
285.43 259.86 83105
100.58 543.54 902 807.77
4.51 281.47 26325
74.05 176.40 65452
73.22 406.62 73889
43.09 237.34 63243
57.94 408.79 60954
50.86 62.46 17713
17.55 143.98 25215
86.30 113.24 11168
72.02 378.65 17330
46.85 168.32 2836
5.28 314.70 37750
60.89 162.45 20802
95.91 47.10 91591
18.83 475.61 63835
87.30 439.74 86737
53.44 368.42 22270
32.00 119.45 20847
20.80 406.89 4963
92.13 393.49 42085
20.33 32.83 9699
17.23 180.70 77773
56.90 440.10 94042
66.21 25.89 2694
21.65 21.76 2207
25.36 237.69 61618
16.36 418.74 81601
51.96 215.41 34533
17.40 418.90 51126
56.44 167.72 85123
52.28 84.30 72062
35.10 418.90 11505
69.88 458.62 21060
3.03 314.53 36996
69.49 54.28 21934
65.87 194.47 78649
45.55 105.89 8048
8.04 140.88 89816
53.88 374.91 17024
98.95 218.95 94844
12.65 209.11 94200
79.96 158.46 2448
6.04 331.51 81901
39.38 50.64 81098
74.50 286.52 74401
99.73 458.18 89924
34.06 90.98 36730
40.20 415.69 24410
76.99 59.95 87329
79.68 39.13 2009
29.51 25.54 32419
47.26 212.82 79033
58.25 354.70 62583
28.87 80.85 34294
84.48 441.99 44878
95.88 527.46 47953
11.23 291.34 24889
14.90 149.88 2262
99.26 492.41 24915
91.75 406.96 87175
21.38 542.67 75167
8.86 323.13 35503
58.48 204.34 36586
72.49 486.85 58445
58.63 175.32 99132
65.98 309.26 84635
83.91 400.59 66672
2.34 471.64 81705
71.10 481.61 90089
46.68 196.63 8792
32.01 509.55 4017
55.67 314.95 27663
59.85 99.00 85884
40.04 186.35 77584
9.88 62.11 51655
59.07 238.73 83874
57.62 159.72 7361
71.32 133.84 88305
88.92 325.85 49632
19.66 425.16 10381
89.59 456.57 56084
29.13 80.52 77768
69.80 361.15 35355
74.85 197.18 6572
35.31 194.74 68288
73.04 78.31 32825
77.48 159.13 93349
78.08 174.76 67106
16.10 123.78 71590
99.57 532.62 34767
87.91 88.83 37805
8.11 169.44 29553
57.58 76.24 94007
14.58 4.35 37747
47.15 52.68 66176
80.49 69.83 84869
58.64 243.58 34292
53.49 403.81 23553
23.98 287.29 53229
39.05 291.42 50989
34.12 117.32 27232
57.40 367.55 24730
69.18 518.11 77811
40.51 266.96 1344
36.89 531.67 54526
39.77 469.34 35247
40.61 151.46 15155
17.08 449.44 86220
21.79 157.66 72275
44.70 205.91 18464
1.50 188.41 64236
10.92 153.73 99436
69.43 116.38 69457
65.73 20.72 11200
82.52 353.72 95330
95.77 68.34 5535
20.14 274.10 11064
27.31 183.20 39458
84.22 214.61 87428
1.86 315.83 60106
22.89 515.89 59171
47.91 343.34 38277
32.49 278.56 16541
94.18 386.41 62912
19.46 219.82 98015
40.52 522.43 68836
60.41 405.76 33157
14.21 32.54 93667
26.61 274.90 73980
89.77 531.46 27207
86.71 469.04 32788
23.07 68.93 30942
59.33 291.18 28791
59.65 508.61 47487
78.02 166.53 9644
74.61 109.52 89262
8.62 229.69 70023
7.10 151.58 2446
20.85 272.59 79494
93.31 161.88 57358
79.40 115.39 41582
80.47 298.95 85213
27.81 454.10 68515
55.69 332.86 64027
35.29 56.27 60570
59.12 451.82 90850
22.74 246.59 94143
27.11 396.03 84911
73.64 150.18 94709
70.36 416.23 65446
68.78 50.42 4116
18.62 267.65 57360
82.61 480.30 37460
11.69 175.95 1252
24.31 169.27 12672
63.64 451.74 29970
8.99 431.62 90034
26.17 40.40 10682
50.70 248.17 48142
95.82 88.89 66904
19.39 391.75 35509
26.80 113.43 37567
92.72 99.28 66433
93.47 108.13 51391
80.10 421.31 60200
4.91 403.99 57070
64.24 425.09 19925
26.12 543.46 41427
27.32 375.23 22140
60.64 200.70 43645
83.84 291.06 43089
57.73 139.49 26640
42.49 198.07 71067
61.05 12.41 49149
6.54 375.71 66533
37.92 427.90 54675
19.18 48.63 74068
75.02 198.09 60855
99.29 10.51 12310
18.85 445.71 17834
36.21 448.83 34809
19.77 282.89 26810
84.33 180.76 80381
29.85 387.25 52147
82.29 267.73 7462
43.30 296.69 54780
83.03 398.55 40049
33.39 126.81 41145
18.72 70.80 93801
2.64 142.81 61932
35.31 37.56 82410
44.17 266.07 67125
9.03 179.47 83742
35.40 241.86 95891
91.55 495.38 67914
38.95 448.11 92645
51.34 488.35 83089
35.18 255.76 17484
43.80 192.70 42893
37.27 322.40 13464
56.56 326.27 87216
79.93 515.22 92855
18.37 350.18 36713
81.05 68.71 76395
41.38 425.50 6925
60.33 62.68 8997
76.51 306.31 43087
44.37 502.17 32714
56.17 51.84 97829
59.96 486.91 65654
93.84 221.40 8338
93.55 67.70 75355
77.85 242.44 97022
73.33 232.76 1039
32.77 59.59 44993
96.87 268.75 76222
50.77 388.51 62730
72.16 519.84 81667
29.63 331.30 24019
35.48 488.00 63325
88.40 505.84 27769
62.56 520.38 34857
24.75 439.57 20649
42.31 539.35 23902
79.13 122.68 86966
41.44 230.59 10574
2.42 322.28 53476
87.79 531.40 66096
34.12 503.30 79031
32.36 212.74 45060
23.04 417.56 144
65.30 40.72 30483
75.88 359.64 37396
55.98 372.85 71115
78.44 141.74 46873
66.69 20.99 40227
60.54 295.37 38619
38.69 499.60 74956
24.69 233.30 156
48.25 234.92 29426
77.74 517.99 98441
13.11 0.20 98404
19.94 484.71 48467
45.53 382.06 45273
66.37 194.32 6067
8.06 501.10 52623
25.27 71.00 72283
45.62 437.40 35591
54.67 163.64 3355
83.61 506.40 21286
61.78 477.47 41679
66.18 185.72 42355
61.69 209.78 99115
6.70 198.01 14853
74.46 54.80 31524
6.12 139.90 93725
17.21 499.24 23339
70.50 85.52 5431
36.80 470.08 3671
71.92 274.97 13364
30.45 80.20 27533
17.04 479.71 71888
87.63 373.86 19661
19.55 201.39 58104
1.13 178.72 72491
72.81 50.72 92494
81.07 272.36 20991
44.96 314.06 83779
58.25 453.57 24020
90.55 136.70 96383
67.27 471.53 5672
66.16 405.31 34559
28.49 286.40 47194
4.77 501.96 85687
4.35 409.78 61390
56.21 254.65 2410
69.32 404.27 22225
62.85 427.31 65836
42.86 293.14 60288
43.73 406.51 2383
48.82 176.87 48321
80.83 236.29 30624
77.07 10.97 15043
69.14 346.41 87749
15.60 343.62 51764
52.80 526.79 72272
79.93 250.53 28916
72.92 117.99 46884
89.15 420.31 44302
35.14 328.87 60134
52.72 100.22 80671
28.78 446.57 45029
14.79 6.77 86274
76.61 351.79 5413
47.39 3.90 93927
28.88 485.18 10700
62.62 216.24 59569
16.74 392.68 31215
36.53 218.53 95519
16.55 250.79 14399
39.45 63.27 61460
38.25 190.23 81133
4.81 140.93 15976
95.19 463.10 6250
89.81 211.26 2964
43.17 383.37 94513
91.39 512.83 58317
86.67 38.66 3223
89.09 281.62 28656
16.49 254.63 80359
68.40 112.83 57221
71.60 147.21 42897
15.82 191.71 16381
5.08 521.52 57560
95.55 78.25 9329
79.08 165.98 3665
71.02 46.34 30743
2.44 47.93 76577
23.57 102.51 98740
62.95 103.28 17359
40.77 525.83 44459
81.96 40.80 2326
24.38 223.14 66435
38.81 304.67 67553
88.15 294.19 29951
74.05 50.08 19449
17.59 526.60 74761
92.54 255.45 80790
36.74 112.18 22221
61.16 270.38 33006
74.11 331.52 11133
82.96 220.71 74602
63.01 341.12 38148
39.41 517.86 93065
3.13 377.49 9679
92.68 402.34 4179
57.22 79.17 24001
10.17 19.61 87125
77.35 515.99 21243
85.90 543.08 59122
3.14 182.51 73635
57.73 275.94 63381
53.11 255.81 45159
27.24 183.92 32402
77.13 529.41 43703
42.70 199.01 22319
34.72 381.23 18621
44.28 311.69 42772
38.63 269.90 76931
95.05 352.80 59427
16.86 217.94 85098
13.32 487.49 40280
9.43 514.60 8840
17.08 190.11 68943
72.33 247.25 64674
79.32 313.77 20261
8.25 351.90 42216
21.64 443.04 21879
77.03 244.19 95665
30.58 340.92 82141
60.34 414.69 8905
83.24 452.41 42666
93.52 180.74 36747
14.29 451.87 93221
32.53 184.80 39840
23.57 172.00 29423
92.34 348.31 256
81.19 230.93 17946
60.50 252.40 93539
11.20 299.96 70020
16.08 315.32 73575
82.61 308.75 71490
56.60 39.59 87464
65.96 112.37 21344
20.02 182.29 57059
74.34 312.63 63810
76.70 53.44 15831
97.60 91.76 2935
100.02 339.05 43133
70.05 155.32 37070
34.63 309.87 54788
9.32 125.86 73894
78.78 43.62 62396
45.96 330.97 72669
32.89 305.86 62409
34.46 207.55 69943
37.99 389.86 69723
49.50 482.90 25017
26.18 477.63 64326
41.02 63.76 13721
100.25 408.86 25676
12.24 48.11 59289
12.69 426.57 4066
6.63 363.47 65064
4.35 451.70 1543
57.53 421.75 66011
80.32 302.15 47457
59.29 167.25 88745
74.73 62.11 39125
23.95 319.05 34181
31.67 515.27 4211
68.62 159.90 52237
1.06 360.90 72219
90.07 167.42 27878
59.68 284.16 41705
29.90 56.43 59965
94.57 426.57 61214
23.30 78.69 64614
0.33 225.72 9065
59.28 237.14 239
66.05 259.70 45466
81.05 289.70 72565
65.67 148.44 17274
64.44 264.17 19404
19.39 519.54 40350
12.85 290.76 51609
14.48 272.09 83210
22.35 361.33 61817
61.29 50.56 25206
33.09 352.25 21768
53.10 199.10 93098
89.44 420.47 76806
31.13 237.66 44669
50.89 485.98 51489
13.93 452.65 47238
69.39 115.41 87449
96.34 458.93 19980
33.07 246.43 93257
92.15 394.39 25747
20.61 198.70 4956
46.29 162.32 95682
62.19 189.77 52438
88.81 530.80 40927
21.34 487.76 73669
19.80 430.54 15750
73.39 339.91 6379
64.83 459.14 18955
61.72 328.84 56927
28.73 319.86 11396
5.42 380.76 63639
73.38 313.38 79324
35.42 61.36 14112
25.62 161.23 76174
22.43 370.24 53628
18.21 176.22 8842
79.26 163.95 45890
50.96 490.41 23576
17.68 5.92 92167
60.70 294.03 4712
88.40 123.72 81040
46.52 177.80 47360
82.24 462.68 66854
2.37 508.53 3235
51.01 367.85 13831
23.77 249.57 84300
23.73 528.62 92101
14.42 37.69 98556
24.87 323.01 92943
37.39 27.57 98713
62.75 176.60 85892
30.26 43.11 5683
51.77 383.41 20321
6.89 3.84 32389
1.16 23.42 34501
16.56 22.26 50751
70.36 278.87 27028
70.47 48.72 7770
45.29 287.49 16108
31.58 35.76 69287
70.61 296.91 87958
70.24 272.38 27116
1.41 0.62 66145
85.24 490.81 30745
59.54 456.09 71857
19.12 264.55 48847
46.20 201.49 5545
10.72 64.81 36886
17.85 123.88 11652
86.98 262.48 6534
93.55 114.36 83302
30.66 272.71 65609
58.21 113.34 36148
46.29 305.35 77154
54.67 193.76 557
69.21 239.30 75643
43.73 217.06 57796
48.85 354.43 65847
61.75 98.46 82312
3.00 396.23 84626
84.54 173.44 11224
59.13 170.43 92928
39.33 115.61 49029
0.17 362.24 12438
20.20 297.55 98014
62.95 99.01 71733
8.22 202.79 95312
8.64 330.07 87131
98.87 117.34 35280
40.53 172.23 21388
70.98 149.25 77887
55.61 93.67 14336
90.16 278.15 40138
85.15 199.23 61293
6.33 360.74 7706
73.55 19.11 77598
56.19 204.40 22725
54.69 18.25 39846
43.78 88.23 10063
92.40 225.09 1710
56.49 332.45 1572
21.63 211.09 19370
52.78 458.37 13191
68.71 127.59 12953
87.86 501.05 66064
21.97 311.30 87413
57.08 190.97 51154
59.05 291.87 78112
31.00 294.86 86311
24.22 58.95 32318
3.06 155.24 52084
21.11 124.94 18126
27.64 153.61 65036
2.19 188.85 91493
77.07 307.72 58094
26.68 479.56 20150
88.42 304.08 77636
88.63 289.52 97416
22.61 355.36 33594
21.72 381.47 68550
51.32 489.66 5583
30.85 313.89 83675
1.32 85.85 83713
71.11 222.49 89758
49.24 101.08 30547
10.60 485.51 34518
72.06 129.58 2143
70.34 2.19 12103
31.22 223.35 15724
66.53 342.71 69503
17.99 96.39 83284
4.27 192.59 60703
4.71 481.67 77983
40.96 446.80 90143
28.39 396.23 72188
98.49 267.80 98690
40.70 302.19 60952
78.37 59.76 34121
11.20 163.70 96323
4.36 236.40 90465
40.35 102.12 68749
56.60 349.53 217
58.21 212.05 51899
35.36 199.76 11399
99.89 314.85 25042
61.99 508.49 21687
50.28 494.65 58929
63.41 190.03 98743
20.27 70.74 88755
14.46 222.09 96825
62.45 491.58 45966
86.90 455.22 62544
9.09 330.09 81104
86.45 404.32 7068
77.01 519.06 87467
52.82 478.58 62646
67.72 96.92 20600
76.47 228.09 70632
62.19 388.92 57369
57.88 168.76 19587
89.59 360.60 97056
5.84 0.84 52565
52.84 50.63 58281
12.41 487.34 64859
25.22 477.46 2959
41.76 11.91 73197
1.19 113.85 14165
71.78 467.49 61074
72.19 213.44 48660
68.16 34.55 22852
30.75 538.05 48851
17.57 117.79 94688
30.09 141.94 70826
23.75 383.11 94982
87.97 517.39 24160
88.82 67.04 66225
1.96 94.24 10307
27.91 50.35 77065
9.94 511.85 27055
96.74 468.10 69307
28.04 397.02 24653
85.09 491.28 11251
75.29 118.77 41828
7.15 37.53 91423
41.39 176.34 76049
41.60 520.17 76530
83.90 176.20 164
38.59 194.40 87345
56.38 116.29 9775
19.47 423.62 44395
21.85 92.22 84702
84.03 52.94 88862
57.98 397.85 16350
7.51 501.75 75119
66.27 240.34 62279
63.01 331.25 66749
87.13 34.75 63959
6.48 102.50 43855
45.89 107.20 32989
17.32 26.18 14723
53.90 136.35 34563
49.31 501.11 47213
74.96 307.14 51048
40.70 38.22 51096
86.78 130.60 63581
34.90 315.15 14380
22.33 95.09 59980
28.86 148.55 60754
14.85 17.32 27157
96.53 171.39 99841
44.34 124.24 23381
92.47 516.17 39245
88.03 202.29 78049
38.65 279.76 21764
92.53 177.04 88917
31.73 349.56 10846
44.82 13.13 6655
25.21 227.01 887
95.69 154.30 25741
77.31 467.80 74589
29.63 217.24 45142
43.82 239.14 11470
21.97 252.06 92663
7.49 176.63 94020
32.01 206.45 58296
12.23 515.63 63130
56.02 117.88 52503
77.11 518.10 17722
3.91 442.80 38755
83.89 90.62 8201
67.61 372.58 68989
34.06 508.44 11654
85.10 267.19 97787
65.41 173.70 19793
43.42 198.38 96988
24.27 383.51 48402
83.69 40.12 13842
37.03 130.85 17488
78.37 59.94 73409
65.55 142.22 46280
3.54 35.61 65438
21.28 391.10 820
11.54 368.10 69840
21.43 364.77 90098
40.39 132.70 33785
30.87 399.36 69550
97.09 541.73 5687
76.87 474.98 73265
80.60 195.33 95250
87.00 465.87 12052
56.22 270.65 3796
65.40 387.19 33798
75.30 50.48 43109
33.14 101.95 14510
77.78 287.04 159
28.35 18.73 9626
65.02 290.94 1092
14.71 452.02 53324
97.85 266.47 94652
30.99 206.24 64378
19.59 192.84 54817
17.61 347.11 69955
100.12 458.50 44507
34.53 425.31 67582
23.53 323.59 57341
25.02 429.98 100
68.06 481.12 46404
28.60 5.94 778
16.42 366.16 2220
52.25 411.02 48069
59.34 354.05 37374
0.57 153.55 77595
31.03 105.88 41468
29.48 284.75 4945
87.99 291.45 55304
17.57 310.31 76069
55.18 539.58 58244
51.00 425.11 42579
19.04 444.87 76424
37.00 367.70 73056
86.76 488.90 79289
20.10 405.03 19967
56.02 514.97 27189
65.56 97.26 45475
77.27 435.12 8556
75.19 39.73 34811
45.89 482.15 96024
87.85 112.16 57506
67.91 267.80 56704
15.54 34.05 65255
81.95 253.66 10641
73.91 226.79 18097
79.34 368.36 76008
95.03 336.20 31824
100.26 280.69 70228
26.39 464.11 37449
32.01 252.01 28532
64.35 267.16 74557
6.19 334.97 71085
7.46 185.53 43859
92.39 111.73 34998
42.09 344.36 14223
83.09 194.26 83259
61.77 481.54 51360
50.02 22.81 32795
3.20 44.50 2720
32.48 369.35 48715
96.22 377.79 65363
55.95 141.33 55150
99.79 378.95 8542
85.93 314.74 43613
67.14 332.31 97926
76.15 108.66 36448
57.35 340.05 88129
18.03 27.10 94094
43.08 61.90 5030
61.83 144.49 96486
86.26 279.27 79037
12.62 85.09 98785
40.08 167.44 33648
76.37 90.01 69456
75.98 315.08 21195
95.13 465.85 66944
44.64 63.48 98669
80.25 374.75 44235
50.61 346.85 66657
58.74 355.35 34221
27.24 114.44 50915
87.10 205.21 12131
40.82 344.07 36854
47.41 75.92 81220
32.23 181.11 66493
5.11 18.76 52941
13.24 159.00 72082
7.55 29.21 95506
81.95 165.43 69945
78.48 375.61 4367
31.10 517.99 51720
86.12 242.53 17883
91.90 39.30 91832
76.25 170.97 55898
19.01 433.76 24632
25.34 468.37 34063
92.48 145.86 51286
21.65 352.64 46813
39.07 432.64 9136
38.88 62.60 68526
29.01 246.62 3693
56.49 401.35 28477
27.87 405.58 73224
53.39 127.37 1151
95.70 208.83 48173
30.14 513.33 99842
3.31 435.57 78602
77.05 224.75 66330
24.36 397.69 94226
1.83 330.75 21839
15.21 75.51 78220
34.15 19.88 75836
32.27 125.10 9023
41.70 392.21 19342
6.23 74.38 15577
97.70 153.04 74411
7.41 358.80 88739
43.85 412.79 38692
97.45 468.18 92304
84.28 412.95 44789
40.83 166.63 4464
88.97 255.58 72198
18.46 129.42 34381
33.67 180.67 99639
96.02 245.96 83380
64.64 79.78 31924
19.05 464.52 63474
26.41 111.26 43013
25.65 379.82 42742
33.64 425.71 8046
57.27 400.85 16576
53.34 516.59 30274
65.41 133.24 34481
27.05 156.60 12310
46.27 88.15 76661
31.10 201.10 9345
33.42 257.74 91806
78.31 472.60 54974
5.28 439.58 96435
11.36 413.07 31403
84.87 271.30 98517
63.44 156.57 2820
92.28 64.79 47942
27.31 68.84 36762
30.13 220.91 8952
26.28 484.68 3479
72.08 173.48 15691
74.90 227.68 9555
87.69 271.74 37897
92.73 499.84 17881
25.04 431.74 64861
79.10 492.73 22258
81.70 173.85 3259
8.74 195.39 95522
65.25 415.49 88818
56.64 138.23 95663
22.06 227.08 84382
6.44 89.85 98330
25.67 71.96 71467
85.86 280.86 53324
81.82 237.35 43371
73.79 479.41 94745
79.61 5.64 35176
5.43 441.47 32113
72.22 288.77 41865
23.25 535.36 14961
60.46 402.56 27249
83.07 89.09 68223
84.15 331.36 52634
20.04 426.21 92405
40.45 375.68 88022
34.88 173.93 7424
32.82 406.46 61004
50.44 454.66 55265
52.52 23.21 13952
1.15 133.12 5675
73.07 233.81 39748
13.85 518.64 94792
21.46 512.66 56854
62.92 530.10 16893
63.13 447.18 37345
2.90 421.77 20129
9.29 76.35 58662
29.54 218.77 32516
69.15 28.66 92124
2.67 429.01 7713
67.77 373.43 72176
19.47 230.34 87292
99.23 101.01 58253
14.52 172.55 69790
91.84 401.17 10957
26.22 85.40 62678
10.91 514.19 52959
27.39 138.94 29176
51.87 296.64 53377
14.36 53.97 82778
6.29 137.67 20936
20.17 526.79 29646
82.99 505.70 5351
14.87 305.74 76981
11.10 277.02 91906
52.55 133.48 67086
27.04 244.80 87459
5.63 33.98 47973
73.47 51.83 59861
31.54 438.28 66938
87.00 496.22 45047
12.98 398.10 71226
23.76 16.21 14252
31.78 51.27 98101
42.79 408.07 35484
73.09 25.74 55267
29.18 208.11 20758
47.50 18.67 41200
28.93 318.49 75302
80.72 302.14 98838
80.80 308.80 76564
98.29 230.96 67928
58.27 259.71 65131
14.53 121.78 83765
37.00 165.95 93906
7.46 140.97 7652
59.86 354.40 43226
53.16 19.31 1961
5.49 242.30 88690
8.32 218.21 33519
43.16 460.99 76983
76.87 222.35 52346
22.61 294.13 27121
94.45 508.61 88097
97.97 452.18 352
36.85 464.04 78837
21.68 79.11 14557
55.38 224.63 62688
71.05 299.87 77005
45.48 358.05 89732
93.61 220.20 55280
45.19 381.42 67258
68.79 10.60 92888
10.97 245.00 75878
64.75 176.90 93521
37.91 509.37 58993
11.78 262.36 83293
54.83 330.24 94446
55.39 181.27 39501
17.39 113.69 38117
82.36 246.70 91181
